0.106480864894775
0.118588193246918
0.100197216584456
0.215576253753888
0.175592605572397
0.375611742219214
0.453540207228294
0.470706838871492
0.576219406341654
0.641941886474572
0.641698646622513
0.719394942639907
0.741746945347102
0.860861636203831
0.921806295141448
0.964290139105439
1.0645314747254
0.937190099688887
0.872586074982883
0.902376248906646
0.939704861515183
0.837323219614383
0.704682330691648
0.612899531008568
0.415813258674325
0.345119054569987
0.343729853072145
0.293414031423258
0.213271261842393
0.248234893134045
0.196200346888654
-0.00176207707470347
0
