0.096285108779708
0.0754492064286234
0.0338925261377794
0.00653537562649211
0.0724411297306904
0.0707380344464457
0.156889874285805
0.385555594138286
0.801067465288425
0.978601807676967
1.07594466114947
1.08189698155144
1.05506673323063
1.07881028660219
1.07108543167268
1.17953825823209
1.11056078366814
1.03868928545515
1.03995430228144
1.01136546840372
0.987762230834977
0.973741920057163
1.02033664946836
1.04769930742484
0.956283558361672
0.380438941784439
0.150458590235403
-0.00810237379102258
-0.0197274492333843
-0.0516092982854147
0.145727817774597
0.0495880344730608
0
