0.0928084940040058
0.0610717817477417
-0.0345444882552529
-0.00530344906520194
0.0681307434777775
-0.000834502109528734
0.0603886650565238
0.0529458994949059
0.0372978931232844
0.00582000859420333
0.032455519903904
0.154273104969629
0.139763508682651
0.239752644787076
0.330805152920308
0.430354113741759
0.732071677564022
0.83929270833668
0.896838126479036
0.902279320418208
1.06295614425972
0.95739773144863
1.03715139692072
1.03616230068077
0.991886304601415
1.02267644053574
0.935703530147674
0.95599457401061
0.915282233423827
1.01355061521313
1.03122840701887
1.10049864794647
0.964385073498003
1.07257698542509
1.0986984794587
1.01404243042388
0.983787106573505
0.895994152455269
0.982242190703966
0.845000415342123
1.064939560503
0.936814862056852
1.10380646841331
0.985054620145712
0.942665176739573
0.999377970281914
0.927430835515873
0.906767570261185
0.556807634248698
0.423162042458999
0.126915394146796
0.00795557452468088
0.133863906101846
0.0260299827558302
-0.0416517788537326
-0.0578942676424581
0.0692860903501185
-0.0897348414180634
0.0740662726992231
-0.18623487634294
0.0523414636049577
-0.0207175046558837
0.161197028708629
-0.0491946486494879
0
