0.0251198400516814
0.00598450588058208
0.0207851126376271
0.104450582714636
0.112461881334964
0.167347344293991
0.214264537921603
0.188371568799496
0.309177366932007
0.280689613587922
0.382471244803157
0.405603259607629
0.398273046034469
0.386632138406696
0.500979519948499
0.501357276569585
0.537050779296037
0.551955877056058
0.523941688376156
0.52543507540745
0.540039085653248
0.662752771624915
0.617145192517655
0.638477137407188
0.685025218882837
0.777602636513595
0.696719487074935
0.851298896127943
0.82954940892912
1.03543424813484
1.1123441972858
1.06316602498523
1.0175300551921
0.934285582018259
0.969048748501779
0.931486417682164
0.79789394510202
0.850703000752365
0.746098883116382
0.783571270779115
0.793807507520718
0.790205744346006
0.636047983609795
0.694677273359136
0.715363595991275
0.623819025702741
0.561138865996952
0.471884462082506
0.480816690612715
0.533510254259094
0.46812434787558
0.431333909470855
0.375861293817009
0.300322512611343
0.17045667325663
0.306341579901632
0.317637430195022
0.196466978966235
0.141176273791537
0.115711607363415
0.0395130041747111
0.0822093393296385
0.0295980632742126
0.124549339845011
0
