-0.0435893009024719
-0.0541824200709797
-0.0475820929284919
-0.125949706220904
-0.0809430482719128
-0.0680228341249385
0.0956822214433666
0.376154022941407
0.813201745805747
0.913728017141532
1.02444490322196
1.07447558814374
1.08027663805605
1.03654249246039
1.24268268960009
1.10275264194039
1.01210606462344
0.935701164318773
1.03303266642021
1.01982685231165
1.07265561600927
1.14056467376196
0.913324531483612
0.718239635335024
0.606994888963557
0.133997726849207
-0.0157155470316148
-0.133802327510103
-0.175028048105644
-0.0954692832415215
0.100445787592785
0.0506522238107956
0
