-0.0726760012436536
-0.0803567253033023
-0.0195797075061657
0.0311936589856285
0.0270663955659915
0.156815761155199
0.130330485260459
0.12834276604723
0.0539258712679534
-0.0174505934241524
-0.107776107731241
-0.0643368272632602
-0.0509688544765521
0.0658095563517832
0.188865610483444
0.265385175332322
0.573303295618348
0.692755080447322
0.878537705697852
0.919567337716509
0.962680700533
1.06992146289734
1.03725076846332
1.02774998958907
0.963853527422363
1.08571309171095
0.998642080173679
0.984053782653192
1.02331781679657
1.05000470778915
1.06983918473362
1.01581600947529
1.06969800271771
0.924436576186125
1.02797273662162
0.852961510668038
1.01144130698611
0.956515266884809
0.95058572837231
1.01299977736788
1.0330192429728
1.03023291647929
1.07077329113589
0.918764620733556
0.947805073279968
0.943679411524523
0.933474643747022
0.805219445138642
0.52947131039698
0.247856968045219
0.0959065571597616
-0.0411810340569466
-0.0650616948476155
-0.114043510511418
-0.0490526430197908
-0.0547203025466926
-0.121655842832523
-0.0777409191849439
0.000810372485874081
0.0307992239961406
0.067153893365742
-0.013898381443416
0.0170214553644454
-0.0240072128013736
0
