-0.0388219956406964
0.0320682415200101
0.179741277156629
0.205487451719575
0.303482317949344
0.227386600646906
0.228907797631597
0.330484243448441
0.493297684525925
0.585465746735016
0.544680920080844
0.62415793703908
0.799012434889767
0.924033012123943
0.917274064768094
0.86985799054789
0.996119502446951
0.777151897513423
0.802704859833425
0.729249500700884
0.715503536768807
0.69893665088404
0.585458931600079
0.453031222445073
0.336523260521585
0.307751319000581
0.30861218524839
0.373971716685861
0.378634294089778
0.256729204436141
0.226495378162743
0.147872401298255
0
