0
0
0
0
0
0
0
0
0
0
0
0
0
0
0
0
0
0
0
0
0
0
0
0
0
0
0
0
0
0
0
0
0
0
0.0496750012944205
-0.0143677681718247
-0.0122993897520119
0.0496804596062002
0.0220246619200767
0.00683957338232586
0.0443156072623772
0.0312975112097595
0.00940999205006449
0.0236794674429609
0.0267647221396609
0.0692346263379396
0.0430652805579441
0.0529875320326149
-0.0134278560076712
-0.0170397247530395
-0.0144014092634801
0.0201794892389566
0.0142150501660776
0.0179639709147861
-0.0187461224162047
-0.0146678963455859
0.066962721773041
0.00546663012804241
0.061980907938921
-0.0120418370754531
-0.0218744016279332
-0.00306997421055923
-0.0357229158561341
0.021333859210893
0.0228856941653228
0
0
-0.0212069907014132
0.044814380931894
-0.00698406110052483
-0.0124408396888089
0.0651039840676995
0.0118701922375755
0.0706645284991739
0.0601408984856697
0.000985361927517662
0.0770979704231909
0.0788322106359825
0.0683065897378552
0.0154637733390438
0.0367244478539207
0.0548636253395782
0.0153354146105808
0.0441571468736988
0.0206080118931463
0.0544950960624192
0.0770053660493185
0.0944896726216613
0.085753473700024
0.0691266152514501
0.0805793799101562
0.0793097781184689
0.0178207831839351
0.0722924006638132
0.0678624826729084
0.0064275131957492
-0.0105518374975349
-0.00238968047146902
0
0
0.0153221954619907
0.0361152483519877
0.0529797950896543
0.0153234240660642
0.00448588874930669
0.0430754161902848
0.0711357294281291
0.0337832974788069
0.0949463772903789
0.0487381815012998
0.103342220026713
0.0687179501845226
0.0980449318400263
0.0649650608587739
0.0842957358198957
0.126980778199366
0.0453019387963107
0.0856962378380182
0.0514534233115655
0.109387758376475
0.054365907151827
0.0818634424163433
0.113954313440943
0.0928869298741036
0.0435063211044796
0.0141237645657862
0.0292425235221161
0.00655406525768952
0.0317310192460488
-0.000374423077341675
0.0457421997509717
0
0
-0.00769305912916496
0.046972473973216
0.0224105289260182
0.0175308306385451
0.0987672277396083
0.0465724847135348
0.122824199782996
0.0728186145067965
0.10577559362593
0.121103324702601
0.148287099219338
0.131891558570384
0.114501833347436
0.0856296607176143
0.119324259656709
0.0786744104552388
0.128429954097749
0.111579224573486
0.106793202147495
0.148638087564589
0.103053422688041
0.0740475583894501
0.0936270637443469
0.0542308002401986
0.0279616706536836
0.0920354374568554
0.106425125992984
0.0912045909256376
0.082401765678574
-0.0199564721680517
0.00475520027256377
0
0
0.0264503522874285
0.0236362383072874
0.0283716216897724
0.0520501843252861
0.079687569165393
0.0599584920554055
0.0530614241867007
0.106925628728095
0.12586115449575
0.0821796665995542
0.0935028072522694
0.137940797235968
0.0966888141577468
0.123321115685098
0.178459515619449
0.139388448102142
0.154929679073061
0.175854688651445
0.0939471801752781
0.160381491262007
0.155806630732576
0.0861578451421521
0.108114252279387
0.0964356732364425
0.050845918834211
0.0577022505124783
0.0394449010834011
0.0270574400023851
0.0127761152051678
0.00817670698371033
-0.0323363048013353
0
0
0.00764934883944799
0.0407093318717137
0.030625582331618
0.0492228091718253
0.0614789603375707
0.0650577087579174
0.133938261033356
0.164530635668251
0.167718044081729
0.149692097687433
0.1962917049752
0.191520414898562
0.196685005621259
0.154945491616617
0.193215310233604
0.168083013700086
0.210561149618167
0.137334308040576
0.148565533183108
0.151474866414472
0.117159036648702
0.191712255559905
0.11956513495265
0.144377747506033
0.113810144704915
0.0501728107216414
0.129135363873742
0.0577339283426262
0.0372823721130764
-0.00849085257864189
0.0559871638965677
0
0
0.0031231328130485
0.0218422969459069
0.0134666074243638
0.0971491460483749
0.137173989125489
0.136207282925881
0.173214416488989
0.14723136496659
0.131915014662084
0.200874220329982
0.215414674497028
0.15330738773555
0.159599321617524
0.224911199237774
0.177565484924624
0.209154531855569
0.153321952881792
0.179861597685845
0.221142590624882
0.165683911177184
0.130449886914225
0.20717559865499
0.19866558419621
0.188325174853853
0.126161885243727
0.0885717310162808
0.108566148756534
0.111233176007727
0.0354176306283243
0.0112837698983353
0.00374672755954159
0
0
0.0274859644914266
0.0670003558556904
0.079999353476158
0.0951901239938824
0.104065014378117
0.15042077689745
0.153877025895941
0.183250816366523
0.190351194687853
0.224636193656979
0.206484771710033
0.16016153155225
0.215287197639046
0.188420606635334
0.24560610772258
0.184592131012724
0.258695382717132
0.189385273997087
0.205653710280595
0.247960016564358
0.15421072848164
0.196397869361205
0.206760995327362
0.199764238677792
0.142360384789421
0.121410251431926
0.0696913042575909
0.0644323222364906
0.0884727233357978
0.00835773983277741
-0.0126804775567157
0
0
0.00377061002440517
0.00296347026060438
0.0708035057115936
0.076947223668124
0.107673238672656
0.136895705535004
0.124623918354057
0.201586763616068
0.220121467644541
0.194406990627159
0.221700623809287
0.184686398687079
0.220928353462168
0.229416457623431
0.274152377388481
0.229080228354206
0.264267729126306
0.261684970798854
0.197679618979478
0.254160010480247
0.231463765247745
0.245945589486323
0.178901212625544
0.158647529308384
0.214474754783556
0.192149735678116
0.154395141056647
0.0617051030576858
0.0281892941381596
0.0668933541270622
0.0102669912088086
0
0
-0.0165045773166917
0.0530878280345751
0.0971513010114212
0.0807371439309427
0.0742682985515204
0.0977949573926822
0.200769963409596
0.165859415246395
0.211374060295032
0.2337302529006
0.219954150820807
0.24883890871291
0.245959896297464
0.253155045232365
0.256112106104983
0.251460368541643
0.256196472685836
0.274193620906821
0.211732384359879
0.239513677293679
0.24551629168823
0.235107537071685
0.202638283259472
0.20119428579305
0.169008937167666
0.175930271351216
0.100962887444732
0.089512646934853
0.0769238292730979
0.0769512550010302
-0.022342472718531
0
0
0.0492262495813483
0.021295787876903
0.0365960513679139
0.105827516832865
0.135802954128151
0.167432859962435
0.135566540557588
0.225625664182803
0.19663843643284
0.263330002144065
0.233313911502289
0.25837073475681
0.222087501640865
0.242731714924368
0.254329780341549
0.318266448366402
0.31397483578249
0.282988185827358
0.28226241026412
0.253551579093661
0.257988725189709
0.294271693628751
0.199432722769701
0.23979065501389
0.185494111543422
0.124116802624457
0.104853980935016
0.154703072081114
0.065621489389611
0.0923011577872861
0.0324006397532997
0
0
0.0608904610308238
0.092607828735188
0.0945884134613953
0.124347280096333
0.126213547081258
0.15012589755996
0.227040030117098
0.241784438442863
0.246421382244637
0.224220876821075
0.288492760384279
0.293821989310503
0.286951059355663
0.252978335539478
0.245919296917439
0.278140622706301
0.280097114644766
0.257968457989715
0.322667992463265
0.268816393060543
0.300663854829881
0.295650971747023
0.219679292079518
0.22104851445647
0.224348918847514
0.219718140052608
0.121528608429651
0.0692903720986842
0.0861104606503683
0.0597102318474694
0.000405815826334149
0
0
0.0290939697191081
0.0589236048045307
0.0666498291833851
0.11681714310075
0.15246256537978
0.159498746323103
0.193879724054872
0.247422925314278
0.228678946183359
0.2875301417886
0.283043938426934
0.316216075593018
0.244877064967279
0.318905431697946
0.277149047025289
0.323731555213665
0.320463170061251
0.297420439659777
0.330074968697757
0.326403704063384
0.303749823938459
0.263863638726489
0.239833716803352
0.253808409389083
0.257771189434113
0.188902846181133
0.111409458340226
0.171537526372666
0.0944043414475192
0.0245228505324602
0.0792696441595046
0
0
0.022257133964946
0.0337895489919344
0.0488351362285092
0.0974188124491082
0.116173322490651
0.146590549311793
0.206465240396343
0.208672394862012
0.277105399802725
0.28737034769763
0.253132285177405
0.273321834384457
0.300173462224432
0.268047864021014
0.261664510596467
0.291040442442583
0.349360752048501
0.314644503826585
0.283761561617535
0.315783603973958
0.30154073460602
0.292938535320521
0.273992496619399
0.236994826837374
0.160496798477028
0.142784238060234
0.167869161126494
0.13808014642775
0.0499565584963157
0.0475195501148901
0.0487190322240511
0
0
0.017270800165554
0.0418017806048307
0.132125471640916
0.0918226972109343
0.156282518940228
0.216072086561882
0.185365051577786
0.171212840315229
0.229860968068271
0.310388443492634
0.227117392793983
0.331802636451841
0.253917849038792
0.303176914333806
0.277780957219174
0.364000197257441
0.334423068885661
0.370440001765062
0.295257818780105
0.286218271061134
0.286452211698005
0.250955543150236
0.262861336008583
0.219142402927241
0.245858248148556
0.200787038070032
0.173915179881538
0.109379517129946
0.0586840729825316
0.0907359118978222
-0.0169072930850133
0
0
0.0156887393919216
0.0650958280607367
0.0571080552149166
0.159668189296188
0.101068870713684
0.178677510933126
0.235783213184768
0.209637035002757
0.222300149755811
0.25350410457742
0.27740041554799
0.332319195828278
0.321506931571236
0.326872377094686
0.351682368044468
0.341080432650025
0.284328986912702
0.370119134379025
0.288142856877417
0.36279316544158
0.311590147722797
0.312414089235549
0.212606546985239
0.211759955610009
0.17913190805625
0.229372495828873
0.183249093333472
0.133560194160218
0.049096971473126
0.053086381745366
-0.0123542797608606
0
0
0.0665369853454417
0.0777809701469865
0.13063002429334
0.132261697259787
0.128249704101124
0.205908883619693
0.194427124436046
0.175495196482512
0.223565741005899
0.282871635786657
0.285570778810703
0.242368882929126
0.346957967289118
0.362030973614875
0.308298187477606
0.365433712105131
0.348867901512375
0.377568109130893
0.369056734688352
0.311383349212511
0.285575518269056
0.331230688093605
0.290699395264089
0.237910146519966
0.230927792273798
0.198355930092297
0.219270684541715
0.170571282411714
0.0729058676499524
0.118738948571643
0.0235052135270281
0
0
0.0156338265742373
0.101115992684542
0.0699528083512294
0.124701366111947
0.111019530290073
0.18986820433152
0.239080788952459
0.211348908572762
0.267578926553669
0.270222134071903
0.31260492627303
0.330486328069756
0.278350151095694
0.265209696223444
0.347134381155097
0.28469916758982
0.300366055569702
0.35260604633974
0.366921754500513
0.35935496447621
0.297566947035304
0.235680781031119
0.305083920819832
0.268546388561575
0.272874373069802
0.248034726044932
0.164909932470705
0.0845282828095108
0.139274705375075
0.117201989874606
0.0573960960060155
0
0
0.0594702246038077
0.0488388131826693
0.0670393706571944
0.0842725003939255
0.0957621850515161
0.17188977182663
0.173525480285183
0.179849784509411
0.197372005854851
0.277747473688429
0.273259537597841
0.248789677126331
0.337070800443359
0.30838388609016
0.263774649352769
0.312251305932413
0.305851145763408
0.352235528500279
0.29881907401186
0.322340041992937
0.236922386816098
0.25203228127026
0.311292824844584
0.283998820504945
0.188012785615743
0.140641983118516
0.173878682604292
0.148828970862311
0.0673785947151766
0.0352254746675111
0.0817808837761956
0
0
0.0413460739418798
0.093316380667817
0.124769860119634
0.0631605827033351
0.131544089287032
0.204664356983032
0.217299441565314
0.225096852870548
0.232441920742388
0.289379255775788
0.270647173747866
0.306854214374996
0.25697583205745
0.348136240279445
0.350784621118596
0.360227626086374
0.275766085283412
0.353018282346348
0.302420845336321
0.248193755716452
0.251893558959594
0.257829958211809
0.218379323911393
0.250027496015014
0.212892079818267
0.178534209937573
0.148136254291674
0.183549136017099
0.157949400199103
0.125238957118858
0.0598678940522172
0
0
0.0714627668299188
0.0947951444069211
0.114112840787523
0.142683992059643
0.105464218347408
0.197197330548803
0.173603521343841
0.203129384042976
0.215987739069986
0.238889552339647
0.21100818730434
0.297638979936753
0.301357922471685
0.277404840471861
0.290512450000804
0.322254955814066
0.341683642721019
0.274050883713208
0.242628538900329
0.268449961641359
0.294461423467229
0.280253075369161
0.195882048685646
0.238975172149063
0.167939629541839
0.197574014060236
0.12426048529296
0.124294710787061
0.0364702201768623
0.0686378610240148
0.0809070520814452
0
0
0.0450440197492494
0.0588663155492674
0.0477557082227271
0.110143238201272
0.157761410846147
0.128924175433759
0.122848324107254
0.202153647690546
0.155471037005825
0.243169032908313
0.220074613317566
0.196432768117212
0.265896938080708
0.226542983626109
0.285647814340697
0.276238556053086
0.249090151719567
0.225547245015687
0.29572741169333
0.266154081542274
0.27057257432768
0.289412504899585
0.237744615230564
0.268963977797562
0.162064368593175
0.205474999777958
0.108330038769505
0.137588485842267
0.100836603718521
0.0818253625367605
0.0912437773116275
0
0
0.0273258420255723
0.0912182875247723
0.0846769952101531
0.0833098996323717
0.0857948636844738
0.135336887417461
0.185182942627379
0.18520236001125
0.178711787482554
0.240152477227976
0.236314110501779
0.184570962300876
0.261527664800877
0.235780067336678
0.278440038975839
0.267257205409316
0.265089451729296
0.273662376766961
0.220182606158643
0.19614633515215
0.234897991853102
0.206096424277213
0.157056847937579
0.167520594930018
0.2153995636668
0.0966384528244716
0.100247720973851
0.0909320114798382
0.0268710889233012
0.0101919702844506
0.0174183064715018
0
0
-0.0200122895771937
0.0284130108698793
0.0855671680639555
0.113289553827543
0.0568860531854512
0.161598401274722
0.159704665708934
0.143827609846326
0.221398150423242
0.17931508044725
0.191977240439062
0.191940639315325
0.241462985188471
0.281954931466413
0.273184202872043
0.284434708162011
0.254876165296577
0.246105781550027
0.205570978147642
0.248479464378503
0.165336416145705
0.196143021283915
0.209763059294291
0.181899263246128
0.129496617976655
0.197720281521198
0.110554539412113
0.113293067404716
0.0406303991015801
0.023660657606286
0.0197840281644173
0
0
0.0251774394255667
0.013326014653589
0.0474111143720892
0.0824732490545587
0.111606029687395
0.154214192844783
0.131788450352511
0.157741856305474
0.173996478708309
0.206351383746763
0.156064234050166
0.163528303084683
0.215501151499144
0.158294972474802
0.157796532173231
0.198622877658365
0.191867317246945
0.269498798495387
0.165070859854788
0.216919454215589
0.23184007406434
0.223942076147804
0.171496653116582
0.147331196171084
0.169052280366042
0.160170680354252
0.0758561635073175
0.100534324171496
0.0175296533021631
0.044313405882174
-0.0317416137002422
0
0
-0.0185092790569291
0.048197763489103
0.0930795243992416
0.0980782288308583
0.0352486738636586
0.0710518915231564
0.0983586351813602
0.0864109061748701
0.18518331954483
0.103692992371556
0.203495836462992
0.177336870040291
0.212315326701222
0.212639534835465
0.147108154815806
0.24298495641366
0.184623641380866
0.155005868932597
0.195359527759987
0.135141268812195
0.189578128661589
0.11948631340923
0.178156485654213
0.163922372769351
0.16361265359287
0.151752306362253
0.0393513844593725
0.131036431748105
0.118677568606206
0.0692666485188849
0.0823525934863634
0
0
0.018213348011493
-0.00420897636925351
0.0670139362953183
0.0170955556909845
0.0750553747924815
0.0991832079970601
0.0639781009068722
0.152852377883981
0.0730771035312654
0.168876626286774
0.171774830009826
0.104242877943776
0.152169606576449
0.196692273992049
0.126252278639696
0.175098219781747
0.172628481810232
0.163380231898075
0.189266685931914
0.185691886669895
0.132962016120985
0.143003588093739
0.116666833536265
0.115589865276245
0.050502164551082
0.158071068115977
0.0557002602333024
0.0109146709729124
0.0190660082597056
-0.00265363769126267
0.0146709394717526
0
0
-0.0193879827555447
-0.00376542899294695
-0.00631280564337819
0.029744481775007
0.0449294864686229
0.0204501195157244
0.0908467649194243
0.0930835801682253
0.0721325856360583
0.0741351089690199
0.0826560113675928
0.115263661790547
0.0897910315662261
0.15868032213193
0.182583216031205
0.0919918280577828
0.165261807545939
0.137442311633003
0.0895481261918298
0.11879909163854
0.106282396072035
0.0763874917357076
0.163904622409854
0.111673540779455
0.0308063903982727
0.118097832589675
0.0440711112399756
0.00236393430550066
0.0537304720638189
0.0139203540325437
-0.0326466208932647
0
0
0.02787549399947
0.0526497800174822
0.0167990894670568
0.0481127868722675
0.0821948134643738
0.041011096550734
0.0582619878375696
0.0967938712421724
0.0780837338230635
0.125582332750007
0.132322464681722
0.0852664903584391
0.0955314602086367
0.0529110585499172
0.043326820856351
0.0592705412482073
0.117519252270096
0.0457121182734229
0.135362058493188
0.0947272239578238
0.0924184743791271
0.0356362484009617
0.116039938928434
0.0249870086815146
0.131744556607779
0.0324712256091822
0.0517542204086725
0.018410510542739
0.0446938437293273
0.0538491151114892
0.0173519416984648
0
0
0.0516636670963307
0.0497954513206804
-0.0243873373860176
0.0263973852583397
0.0398269160869183
0.0633365233270095
0.000717430329469179
-0.0025274556572927
0.0738491508072677
0.0285247484401691
0.0836660846055299
0.0714866948644134
0.0621459773341374
0.0564993855818902
0.0901198679913848
0.0572230514820355
0.0634051974733288
0.00781109595802447
0.0833694589408393
0.0842950688907657
0.00649369006486798
0.0934956879235807
0.105795385048469
0.0698176416951893
0.061915236785781
-0.0114088577299036
0.0109178293000893
0.0484952559811341
0.0374685343050853
0.0706815422277318
-0.03561957857381
0
0
-0.0249891181221133
0.0368555586686789
-0.00200578861862838
0.0577725611557142
0.0217366093965217
0.0113058340479415
0.0276375554926251
0.01156109737579
0.00921501649567634
0.0277948949479875
0.0812726218713524
-0.0177217062922592
-0.000886370317813719
0.0615058025822383
0.0300546207253075
0.00639206220468734
0.0527080232529692
0.0071183722659169
0.0769993753980463
-0.0250425405071637
0.00818620691250951
0.0862948152006886
-0.0258591640654053
0.0253391481815465
-0.0155100593125525
0.0855678672792851
0.00885427625271612
0.0705174046095925
0.0132224545998342
0.00353440846813113
0.00161588231194017
0
0
8.13203891212721E-16
1.60606430127595E-15
2.37536910158712E-15
3.1179061635437E-15
3.83046335854313E-15
4.50982855798286E-15
5.15278963326033E-15
5.75613445577299E-15
6.3166508969183E-15
6.83112682809369E-15
7.29635012069662E-15
7.70910864612454E-15
8.06619027577489E-15
8.36438288104513E-15
8.60047433333269E-15
8.77125250403503E-15
8.8735052645496E-15
8.90402048627384E-15
8.85958604060521E-15
8.73698979894115E-15
8.5330196326791E-15
8.24446341321652E-15
7.86810901195086E-15
7.40074430027956E-15
6.83915714960007E-15
6.18013543130984E-15
5.42046701680632E-15
4.55693977748695E-15
3.58634158474919E-15
2.50546030999048E-15
1.31108382460826E-15
0
