0.99796360539191
0.99796360539191
0.99796360539191
0.99796360539191
0.99796360539191
0.99796360539191
0.99796360539191
0.99796360539191
0.99796360539191
0.99796360539191
0.99796360539191
0.99796360539191
0.99796360539191
0.99796360539191
0.99796360539191
0.99796360539191
0.99796360539191
0.99796360539191
0.99796360539191
0.99796360539191
0.99796360539191
0.99796360539191
0.99796360539191
0.99796360539191
0.99796360539191
0.99796360539191
0.99796360539191
0.99796360539191
0.99796360539191
0.99796360539191
0.99796360539191
0.99796360539191
0.99796360539191
0.99796360539191
1.0018102053481
1.00530387126087
1.00852572750329
1.01150727025495
1.0142595408033
1.01678445717996
1.01907931898314
1.0211395868093
1.02295986207464
1.02453428669291
1.02585738149606
1.02692483792731
1.02773288384903
1.02827872595203
1.02856125781066
1.02858104425575
1.0283401429094
1.02784202007815
1.02709133823896
1.0260944877977
1.02485934343539
1.02339504707644
1.0217117735828
1.01982029406113
1.0177315519858
1.01545616136206
1.01300391885099
1.01038227465593
1.00759342739971
1.00462815507655
1.00145146068963
0.99796360539191
0.99796360539191
1.00532485445071
1.01213226014469
1.01845601276514
1.02432972344709
1.02976470100712
1.03475985442653
1.03930750907137
1.04339707860087
1.04701647958738
1.05015267295811
1.05279395283065
1.05493062293647
1.05655460951455
1.05765964060525
1.05824263072023
1.05830396079744
1.05784714808917
1.05687827765411
1.0554060399722
1.05344282198512
1.05100353248794
1.04810593939861
1.04477000179365
1.0410172368619
1.03686939921006
1.03234840854379
1.02747467122798
1.02226518814481
1.0167297065508
1.01086307404758
1.00463346748515
0.99796360539191
0.99796360539191
1.00857258495469
1.01848772545067
1.02775372019217
1.0363920514257
1.0444054513866
1.05178518417189
1.05851579009213
1.06457855625036
1.06995307827814
1.07461846706245
1.07855555595312
1.08174854788602
1.08418437169937
1.08585263652675
1.08674765203538
1.0868689291531
1.08622056400425
1.08481086675167
1.08265194790066
1.07976134819192
1.07616083440502
1.07187603281089
1.06693672228157
1.06137483865561
1.05522339390171
1.04851623928272
1.04128631286124
1.0335630244981
1.02536935926603
1.01671559681811
1.00759195943588
0.99796360539191
0.99796360539191
1.01157157757273
1.02437800344225
1.03640289199875
1.04765039595492
1.0581101411918
1.06776246720203
1.07658154106209
1.0845384803073
1.09160367325775
1.09774713593165
1.10294142905031
1.10716427872165
1.11039681090107
1.11262375690217
1.1138364296013
1.1140326196378
1.11321630668651
1.11139755817001
1.1085914965276
1.10482031375343
1.10011198900692
1.0945001891272
1.08802368947014
1.08072520846553
1.07264913385095
1.06384200424168
1.05435097955203
1.04422076892468
1.03349161780778
1.02219496872096
1.01035008227862
0.99796360539191
0.99796360539191
1.01432282787085
1.02979518181648
1.04437853290728
1.05805878593288
1.07081077566209
1.08260163281755
1.09339296162506
1.10314494306291
1.11181777516761
1.11937137965651
1.12576969458282
1.13098328105805
1.13498678396604
1.13775981386924
1.13928982390063
1.13957230379148
1.13861093120754
1.13641665123857
1.13300723733183
1.12840930650706
1.1226565898686
1.11579034596393
1.10785845121551
1.09891400124397
1.0890132805795
1.07821602758203
1.06658420814727
1.05418016209837
1.0410639632487
1.02729042755033
1.01290880751487
0.99796360539191
0.99796360539191
1.01682110404612
1.03472469437499
1.05165243805879
1.06757277468491
1.08244474513663
1.09622090263257
1.10885018455213
1.12028093237428
1.1304618001718
1.13934254156279
1.14687845011246
1.1530320424518
1.15777105406054
1.16106970992261
1.16291104250413
1.16328796328669
1.16220334277921
1.15966857594304
1.15570371662464
1.15033929005577
1.14361435843505
1.13557756600393
1.12628593411872
1.11580238773803
1.10419479795011
1.09153702420877
1.07790668083771
1.06338349258772
1.04804888469152
1.03198198530014
1.01526062188998
0.99796360539191
0.99796360539191
1.01905898996248
1.03914983985901
1.05819635579639
1.07615032689245
1.09295453035824
1.10854747822029
1.12286486128768
1.13584242633616
1.1474175828127
1.15752984787343
1.16612504047111
1.17315720210218
1.17858755325952
1.18238407550951
1.18452542659806
1.18500186210802
1.18381464172562
1.18097576145373
1.17650668662819
1.17044154430582
1.16282461326168
1.15371097375659
1.14316660492262
1.13126471285941
1.11808424420696
1.10371260337215
1.08824342895679
1.07177444766041
1.05440743911475
1.0362458462263
1.01739463700917
0.99796360539191
0.99796360539191
1.02102878587641
1.0430542116347
1.06398383498276
1.08375298575296
1.10228931362211
1.11951761130415
1.13536000297649
1.14973997163774
1.16258391823672
1.17382054525326
1.18338605046051
1.19122678643321
1.19729643227394
1.20155675050433
1.20398229808114
1.20456023107372
1.20329004556159
1.20018396394236
1.19526472406224
1.18856918141835
1.1801463829865
1.17005812681566
1.1583784339892
1.14519007480046
1.13058367157316
1.11465931830297
1.09752609606498
1.07929966161304
1.06010149617227
1.04005770198517
1.01929901313847
0.99796360539191
0.99796360539191
1.02272366592363
1.04642337732132
1.06899140713439
1.09034788289377
1.11040623766129
1.12907733460525
1.14627072002037
1.1618984174938
1.17587520837721
1.18811921873245
1.19855781577735
1.20712892663039
1.21377878089367
1.21846374985822
1.22115375597953
1.22183242243634
1.22049788089799
1.21716164156215
1.21184783905876
1.20459611756466
1.19545897625696
1.18450473445589
1.17181537069491
1.15748258584449
1.14160754481323
1.12430370005611
1.10569414400659
1.08591114014473
1.06509564470708
1.0433945456151
1.02096257045674
0.99796360539191
0.99796360539191
1.02413830274408
1.04924576341043
1.07320063023306
1.09590882753145
1.11727021853793
1.13718301673854
1.15554495633185
1.17225653446799
1.18722121661178
1.20034778286217
1.21155424829403
1.22077045801824
1.22793600910984
1.23300167486161
1.23593255717999
1.23670894318789
1.23532724642765
1.23179821029566
1.22614694359964
1.21841565771099
1.20866041673561
1.19695468792925
1.1833879273146
1.16806089954707
1.15108409216179
1.13258313516155
1.11269513022792
1.09156762599696
1.06935914598787
1.04623628311763
1.02237519650283
0.99796360539191
0.99796360539191
1.02526924414264
1.05151369887724
1.07659863378635
1.10041705248923
1.12285634164974
1.14380325615575
1.1631441553664
1.18076828315406
1.19656952714211
1.21044671207431
1.22230911914545
1.2320795924813
1.239691473047
1.24508951860649
1.24823454808383
1.24910363864924
1.24769052760985
1.24400593427204
1.23807570776164
1.22994361124116
1.21966966485885
1.20733190594519
1.19302592339852
1.17686069476356
1.15895618308886
1.13944851306199
1.11848777877185
1.09623595055575
1.07286747980495
1.04856655724836
1.02352898040174
0.99796360539191
0.99796360539191
1.02611487862614
1.05322312021214
1.07917824179891
1.10386168804697
1.12714959097155
1.1489180434065
1.16904273441561
1.18740324682546
1.20388386602924
1.21837415938072
1.23077607796219
1.24100577600292
1.24899027293166
1.2546688785384
1.25799849435798
1.2589527864034
1.25752340772372
1.25372049146427
1.24757026138997
1.23911826475801
1.2284270902058
1.21557954669822
1.20067691575031
1.18383456194058
1.16518137411585
1.14486335461257
1.12304173203887
1.09989179120906
1.07560228007286
1.05037337288178
1.02441783608592
0.99796360539191
0.99796360539191
1.02667518948897
1.05437338286897
1.08093756056792
1.10623879043464
1.13014317359906
1.15251713157241
1.17322718094997
1.19214379402926
1.20914237269137
1.22410482068349
1.23692613525296
1.24751616618847
1.25579616568245
1.26170105741987
1.2651833260068
1.26621364551035
1.26478208418397
1.26089757975965
1.25458662759271
1.24589636557533
1.23489158093477
1.22165856468606
1.20630400595737
1.18894932793103
1.16973032093748
1.14880204114415
1.12633586684248
1.10251841024763
1.07755128081885
1.05164831651074
1.02503764469815
0.99796360539191
0.99796360539191
1.02695198448867
1.05496730557652
1.08187976835028
1.10755113978148
1.13183888908091
1.15460094730691
1.17569549614995
1.19498506315616
1.21233782373202
1.22762888384957
1.240746630623
1.25159526697303
1.26009152893231
1.26616576992178
1.26976697399729
1.27086286321039
1.26944193011263
1.26551199539495
1.25909971579272
1.2502531676554
1.23903896152537
1.22554642337301
1.20988626215036
1.19218563705075
1.17258636702388
1.15125058028625
1.12835858465763
1.10410670692353
1.07870767541551
1.05238712856059
1.02538623584031
0.99796360539191
0.99796360539191
1.02694909275724
1.05501167622853
1.08201374312902
1.10780921395532
1.13224789739466
1.15518038160342
1.17645798573748
1.19593687387358
1.21347884273004
1.22895288894815
1.24224211615201
1.25324631984045
1.26187755352686
1.26806258219251
1.27174741595811
1.27289725211788
1.27149867706292
1.26755879517014
1.26110421724334
1.25218332599025
1.24086401420942
1.22723827266548
1.2114199388987
1.19354035734775
1.17374668311941
1.15220716391048
1.12910883152436
1.10465621251705
1.07907131334998
1.05258979685047
1.02546375611352
0.99796360539191
0.99796360539191
1.02667226025641
1.0545171658925
1.08135411023774
1.10703053866364
1.1313898493475
1.15427677255817
1.1755370365837
1.19502157081544
1.2125873852925
1.22809864636198
1.24143397248397
1.25248905941997
1.26117294853031
1.26740936565636
1.27114160794337
1.27233268589026
1.27096731672261
1.2670520538151
1.26061318650852
1.25169937930048
1.24037925930474
1.22674599125082
1.21091618838921
1.19302451199278
1.17322204713665
1.15168153875066
1.12859541201889
1.10417463118086
1.07864847455161
1.052260821669
1.02527255153436
0.99796360539191
0.99796360539191
1.02612947546636
1.05349855080654
1.07992127841433
1.10524015716203
1.1292936101989
1.15192195626607
1.17296676675416
1.19227514085816
1.20970061812821
1.2251037935075
1.23835984458725
1.24936142796778
1.25801534016082
1.26424306298824
1.26798574070675
1.26920441408019
1.26788236241922
1.26402537441871
1.25765935932283
1.24883284951963
1.23761463241571
1.22409841932801
1.20840250093498
1.19066379148103
1.1710360711267
1.14969516488436
1.12683725529464
1.10267796745771
1.07745195654027
1.05140933987656
1.02481745963502
0.99796360539191
0.99796360539191
1.02533066871693
1.05197421535117
1.07774110052398
1.10247020840746
1.12599669416481
1.14815790105226
1.16879286901365
1.1877464533985
1.20486974670331
1.22002094068837
1.23307335669058
1.24391804649645
1.25245973800321
1.25861847734175
1.26233404655021
1.26356616438351
1.26229662099541
1.25853063021437
1.25229340534822
1.24363270668724
1.23261703651744
1.21934040648431
1.20392148161271
1.18649793804157
1.16722517094494
1.14628081146195
1.1238629965742
1.10019027520125
1.07550080523082
1.05004862386546
1.02410555139657
0.99796360539191
0.99796360539191
1.02428717283668
1.04996593697177
1.0748444848488
1.09875951143897
1.12154486252328
1.14303657462157
1.16307251802137
1.18149646407335
1.19815881741007
1.21291720055776
1.22564380747766
1.23622895988006
1.24457703369835
1.25060710215498
1.25425820330222
1.25548894065042
1.2542804408348
1.25063671908852
1.2445823404575
1.23616414575239
1.22544966783965
1.21253227706575
1.19752979957396
1.18058016421486
1.16183848868791
1.14148232557989
1.1197108118357
1.09674341934272
1.0728199031423
1.0481959213763
1.0231455972171
0.99796360539191
0.99796360539191
1.02301221989077
1.047499016624
1.07126755983028
1.09415422999366
1.11599289724143
1.13662004194773
1.15587421562438
1.1735996813051
1.18964702379801
1.20387487061664
1.21615624803889
1.22638175356276
1.2344560044302
1.24029861475024
1.24384798555117
1.24506228437694
1.24392236484151
1.24043089230377
1.23461154864898
1.22651007829759
1.21619249861084
1.20375030485167
1.18930010298308
1.17297803038814
1.15493740001116
1.13535495508274
1.11442873369364
1.09237738193396
1.06944016893366
1.0458724419345
1.02194856741207
0.99796360539191
0.99796360539191
1.02152090873134
1.04460232173237
1.06705200045609
1.0887074002111
1.10940419771109
1.12898088722966
1.14727814657415
1.1641425347779
1.17942678796366
1.19299129480781
1.20471162167182
1.2144802639804
1.22220285062665
1.22780003938792
1.23121105687627
1.23239396181248
1.23132898254561
1.22801825022031
1.22248404775282
1.21477067222682
1.20494168559217
1.19308668214472
1.17931924049791
1.16377198127343
1.1465960848804
1.12796520101276
1.10807446562317
1.08714008369268
1.06539878971605
1.04310383144558
1.02052757510214
0.99796360539191
0.99796360539191
1.01983037156078
1.04130914780693
1.06224584614787
1.08248054283589
1.10185204240178
1.1202029422827
1.13737761743103
1.15322627385453
1.16760600417778
1.18038063347611
1.19142898853214
1.20064678347369
1.20794252698521
1.2132383791991
1.21647523381301
1.21761172805357
1.21662735131268
1.21352396222473
1.20832267111378
1.20106507591529
1.19181282669401
1.18065159246982
1.16769073709646
1.1530589661437
1.136903313741
1.11939252955728
1.10071722609263
1.0810893203076
1.06074075501882
1.03992081042209
1.01889837858169
0.99796360539191
0.99796360539191
1.01796025331982
1.03765726350004
1.05690382397556
1.07554377115135
1.09342072149073
1.11038255115635
1.12627971765581
1.14096786720575
1.15430926526959
1.16617403334732
1.17644552260473
1.18502339786746
1.19182003019158
1.19676093710834
1.19978881264179
1.20086360143667
1.19996511010057
1.19709418914541
1.19227047229573
1.18553326138726
1.1769405528698
1.16657342815873
1.15453637067383
1.14095296435437
1.12596358459535
1.10973077776859
1.09243904233344
1.07429321402841
1.05551895196904
1.03635994073578
1.01707970414563
0.99796360539191
0.99796360539191
1.0159324353163
1.03368908589246
1.05108705059684
1.06797540032691
1.08420429681048
1.09962813109446
1.11410492702967
1.12749830664877
1.13967754679969
1.1505199145612
1.15991577960105
1.16776997775426
1.17399932215137
1.17853408051362
1.18131987473424
1.18231817203408
1.18150976759028
1.17889434722719
1.17449015174778
1.16833351996927
1.16047762111502
1.15099889183973
1.13999556757667
1.1275838464644
1.11389623799116
1.09908773213332
1.0833335371059
1.06682983471218
1.04979453007756
1.03246331247483
1.01509341346238
0.99796360539191
0.99796360539191
1.01377121437979
1.02945159575316
1.04486373952139
1.05986292890085
1.07430722517344
1.08805999272013
1.10098800373154
1.11296433996699
1.1238678839846
1.13358474231687
1.14201335880913
1.14906589889
1.15466494526518
1.15874562922775
1.16125790511151
1.16216568972701
1.16145051767553
1.15911176811739
1.15516555955026
1.14964444003735
1.14259716590818
1.13409400408914
1.12422544527931
1.11309867329044
1.10083721185173
1.08758523010204
1.07350717932092
1.05878898430365
1.04363771445248
1.02827978868283
1.01296456364157
0.99796360539191
0.99796360539191
1.01150386455707
1.02499782048811
1.03831033159138
1.05130465946615
1.06384771905178
1.07581349446459
1.08708004459714
1.09753123894667
1.10705745977777
1.11555606272441
1.12293504747912
1.12911479521479
1.13402564508281
1.13760867578644
1.13981856247581
1.14062257352263
1.14000323770675
1.1379597993518
1.13450590838693
1.12967050203358
1.12349705247861
1.11604825049327
1.10740563549284
1.09766635467035
1.08694198820494
1.0753640071788
1.06308425171395
1.0502752503037
1.03713088626631
1.02386689274763
1.01072312168219
0.99796360539191
0.99796360539191
1.00916135861305
1.02038799454147
1.03151390979301
1.04241145076421
1.05295842051422
1.06304080367748
1.07255015151058
1.08138392118091
1.08944512594405
1.09664400843288
1.10290068518181
1.10814500019327
1.11231602978695
1.11536237078159
1.11724395716758
1.1179318934541
1.11741058901182
1.11567870078538
1.1127478677168
1.10864280100408
1.10340093560179
1.09707665560526
1.0897414075327
1.08147944746337
1.07238885309831
1.06258676796376
1.05220898677917
1.04141123452465
1.03037205898921
1.01929366956336
1.0084049026206
0.99796360539191
0.99796360539191
1.00677960518377
1.01569132587321
1.02457392021044
1.03330911149627
1.04178843224396
1.04991236877255
1.05758776559441
1.0647279235054
1.07125139735912
1.07708279151667
1.08215538130691
1.08641070448172
1.08979757767345
1.09227328712992
1.0938040102222
1.0943652077987
1.09394367279647
1.09253767603459
1.09015664703569
1.08682089821741
1.08256107973882
1.07742238831678
1.0714640837514
1.06475654872591
1.05738251793485
1.04944126113732
1.0410490814186
1.03234203150141
1.0234789629179
1.01464401764469
1.00605446050872
0.99796360539191
0.99796360539191
1.004401328463
1.01098881534021
1.01760411665614
1.02414051340367
1.03050555475787
1.03661809764059
1.04240335678633
1.04779251635736
1.0527218373426
1.05713232841142
1.06097187285402
1.06419507058446
1.06676205434412
1.06863934806236
1.06980074298612
1.07022672519835
1.06990654394426
1.06883873391886
1.06703036563526
1.06449672012476
1.06126131991931
1.05735917086008
1.05283591195418
1.04774659464419
1.04215601627864
1.036142775282
1.02980030097423
1.02323973715703
1.01659360553759
1.01002293446586
1.00372904257107
0.99796360539191
0.99796360539191
1.00208030536023
1.0063778465307
1.01073660052198
1.01506672799657
1.01929725508545
1.02336903088782
1.02722937766404
1.03083014000346
1.03412699592935
1.03707946035083
1.0396514035077
1.04181162795175
1.04353267782122
1.04479161653489
1.04557028946528
1.04585507134004
1.04563836416984
1.04491893259535
1.04370144356672
1.04199603342678
1.03981868218712
1.03719301125571
1.03415041597362
1.03072863859338
1.02697265741009
1.02293732536262
1.0186888847206
1.01430697971057
1.00989036667058
1.00556592235496
1.00150722112743
0.99796360539191
0.99796360539191
0.999892158523156
1.0019814233226
1.0041275566807
1.00627148080247
1.00837244470491
1.01039853525456
1.01232223334993
1.01411869072924
1.01576507747917
1.01724047089308
1.01852648391561
1.01960689077489
1.02046784195873
1.02109751920641
1.02148649176667
1.02162776755487
1.02151728987238
1.02115434291887
1.02054111894153
1.01968280493323
1.01858733199672
1.01726658373808
1.01573658540417
1.01401670149525
1.0121299581359
1.0101049539179
1.00797611872595
1.00578578189506
1.00358817808966
1.00145773117433
0.999510818215129
0.99796360539191
0.99796360539191
0.997963605391912
0.997963605391914
0.997963605391916
0.997963605391918
0.997963605391919
0.997963605391921
0.997963605391923
0.997963605391924
0.997963605391925
0.997963605391927
0.997963605391928
0.997963605391929
0.99796360539193
0.99796360539193
0.997963605391931
0.997963605391931
0.997963605391932
0.997963605391932
0.997963605391932
0.997963605391931
0.997963605391931
0.99796360539193
0.997963605391929
0.997963605391928
0.997963605391927
0.997963605391925
0.997963605391923
0.997963605391921
0.997963605391919
0.997963605391916
0.997963605391913
0.99796360539191
