0
0
0
0
0
0
0
0
0
0
0
0
0
0
0
0
0
0
0
0
0
0
0
0
0
0
0
0
0
0
0
0
0
0
0
0
0
0
0
0
0
0
0
0
0
0
0
0
0
0
0
0
0
0
0
0
0
0
0
0
0
0
0
0
0
0
-0.000147500221962907
0.0141239621461496
0.0199889207236006
-0.000483516644377798
0.0252086444945272
0.0104425471834818
-0.00974424148679338
-0.0158300514769695
-0.0137048439634201
-0.003330388319372
0.0262833400494768
0.0207557337738265
0.00104137499557124
0.0116526076750464
0.0187093541013496
0.024636988664109
0.0225726868006297
-0.0119480450542895
0.0213137418786227
0.0290407948304112
0.00364072987697626
-0.00828263935664298
-5.55543344599314E-05
-0.0073228444459442
0.012574465518693
0.0335915292509695
0.00591713467044107
0.0310206382714222
-0.00494496674333664
-0.00659783813641765
0.00969226832491608
0.0100609468397377
0.0302719413236254
0.0110534030976973
0.0128806265205052
0.0143611114983911
0.0144712348572019
-5.85801160757266E-05
-0.00640910311430716
0.0317599381543681
-0.00925408704992491
0.00682306446358389
0.0190165309876821
0.0107773569774757
0.00861735171113806
-0.00123440837868684
-0.0117797251530918
-0.00725124201095914
0.0265218303818055
0.0210445212878763
0.0283030201313638
0.0114061847673407
-0.0112155788981778
-0.0094830039777506
0.0107693533779139
-9.33669989104832E-05
0.00511407709744159
0.0174310878837294
0.0210220407104016
-0.0201634597603452
-0.00818515069789701
-0.00958617819809733
0.0194278819198666
0
0
0.0232455352837346
0.0181039787538888
0.0032431530899259
0.0229699698917332
0.0230686209295523
-0.0124162237075064
-0.00642635843074368
-0.000115290152639817
0.0128646935287557
0.0300999672450262
0.0258859261954413
0.0301707977048997
0.0339468595496624
0.0101895173172796
0.0268759390199425
0.0218955600596696
0.00678367886017351
0.0383594883843032
0.006263054010137
-0.0020921815922327
0.0124879383574407
0.00370555248373331
0.0369118471901482
0.0148435746291347
0.0333357078316643
0.0388774205542902
0.00643520534894473
0.00245717659909677
0.0350104042283758
0.0165549754814919
0.0059949910748819
0.0319928402193973
0.0370830905979529
0.0238601112140604
0.0329335829439463
0.0312347143499375
0.0452928698376327
0.0166116289505495
0.00697620298323889
0.00316118215150268
0.0319140282387453
0.0210170404831234
0.0162898102954873
0.0282386461092476
0.0107933659864434
0.00904356737751452
0.0262186217683802
-0.00543984496498245
0.0288092902668659
0.00149394253513639
0.0207368613684009
-0.00693772769918073
-0.00765358098777992
-0.000465688606717884
0.0141940116907806
0.0258904103668825
0.0307529555607278
-0.00917021912038716
-0.00960268520912084
-0.016903434180677
0.023357718262304
-0.013859760919006
0.00306593507993938
0
0
-0.0107437728781989
0.0176852222518992
-0.0116177391097782
-0.0116479611962763
0.00597625686181264
0.0186259667593841
-0.00730904245402891
0.0191276769242964
0.0330858048859671
0.0298480623158212
0.00202192840539568
0.0103801381001879
0.0361457522078333
0.0322738261973266
0.00863527670117222
0.00379893939605234
0.0238387543779299
0.012098946306991
0.0111026667066289
0.018152686737972
0.0329158070645356
0.0403016239478154
0.0119748107851134
0.0383153002535433
0.0359262556464218
0.0529987686769057
0.0500617162708703
0.0429283753546908
0.0509953820172622
0.0220564335739433
0.0190146726132533
0.0196502790158349
0.0396759497994655
0.0564507410527186
0.0214315437479852
0.0520803691474718
0.0209603889460322
0.0210655914748197
0.0222794154391964
0.0248794939906508
0.0417968795073985
0.0347728150806261
0.0417593300778714
0.0190733813539194
0.0481974466683012
0.0484429368360848
0.038405273120929
0.00967854082034029
0.0395563367670088
0.00541017946108443
0.0311926898693738
0.0365920640863682
0.0330789279772342
0.0347481864558279
0.0374128969544756
0.0144900275311622
0.0238680633544156
0.0102888358898247
0.0100216111545923
0.00802073736510646
0.0211077185005013
-0.00112485305711242
0.0145316320540547
0
0
0.0111858156107364
0.0117684073064889
0.0290461576156087
0.0184386969200779
0.0282936340698965
0.014941647385758
0.00647273453217759
0.0330872557837285
0.00854352006157956
0.0409261763892799
0.0377230738584772
0.0283136348739508
0.0502274533343389
0.0507352843454196
0.044819907448975
0.0420121815293389
0.0390726569422536
0.0206475125432669
0.0459247908330859
0.0542209937512194
0.0508221390783225
0.0411974058507364
0.0323387009125208
0.0358603689053366
0.053667994382974
0.0672460732133545
0.054287746631447
0.0294115722165231
0.05612525406
0.055594221356852
0.0578851903211773
0.0465321313612229
0.0390178343568891
0.0607587148396243
0.0266217207940359
0.0517528973476823
0.0661971385167024
0.0342950541921386
0.0623894341133822
0.0498393229191993
0.0452363509440655
0.0320439540757928
0.039663495324246
0.0602200631256137
0.0165511924771174
0.029928382489771
0.0581386186376098
0.0364752178980963
0.0535778442791107
0.0444444274291416
0.0486975119466658
0.0208535872770032
0.00931585056542237
0.025522255711009
-0.000206479634518341
0.00480399263326289
0.0108206600265774
0.0213810974109655
-0.0111568219782732
0.027586413043167
0.0232629887737539
-0.0102622076375059
-0.0143283505814346
0
0
0.00564515509961373
-0.00815181483945849
0.000800193686190396
-0.000259920737317131
0.000893288511649773
0.0357653674311362
0.00573260803769445
0.0341986082877352
0.0181750840767435
0.0173475778010522
0.0102255690983168
0.0231457834770127
0.0327677972700712
0.0155403222410694
0.0313531311919721
0.0325575474578349
0.0366655943878956
0.0670810274194081
0.0298992763294434
0.0330834342395893
0.0684343158699547
0.0631423955375579
0.046837706382652
0.0459998009371498
0.0670143489033296
0.067901400511117
0.073235557257773
0.0457291548891234
0.0484432159415887
0.0475796462260918
0.0816830795512579
0.0721337770785134
0.0536393568627193
0.0429618049894873
0.0777583863295215
0.0704609663180951
0.0669629327286355
0.039075623772548
0.0694412215552532
0.061348906360051
0.0665223046832965
0.0314491143329304
0.0551340467222551
0.0311244681911878
0.0297695486980468
0.0356538921893685
0.0488423163916608
0.0279458533976262
0.0201161474092154
0.031684508725421
0.0430536069532235
0.052640736570172
0.0416141202526796
0.00619686904053141
0.0136496928116811
0.0374470416572927
0.0354232169088997
-0.0052935237891184
0.0139752032420049
0.009773669568833
-0.0107936518311224
0.0275793873403816
0.00257769965885693
0
0
-0.0143155911920466
-0.00273361025739047
0.000640928104505759
0.0326377669890951
0.00863502413768631
0.00291609698205566
0.0265474581326493
0.0317172524709064
0.0184863743931602
0.0191064635173308
0.0352651028404766
0.0333889943030697
0.0578397410870929
0.0289815335154057
0.0361258480803348
0.0362217701515122
0.0508216046940896
0.0381284421741336
0.0634160287515372
0.0431075073903381
0.0792357261397438
0.0663638517430353
0.0443414903099741
0.0444291713584831
0.0597475910400288
0.086154370901806
0.0505629468366529
0.0894266636541543
0.0789235131685344
0.0762786848523716
0.0635433083660033
0.07409026230804
0.085456142843276
0.0733021821199143
0.0699613316562377
0.0844639648458238
0.0840822646418656
0.0613444968372924
0.0571610596532195
0.0461935652728103
0.0642023460481195
0.0743832616284715
0.0569666399044054
0.0695878674763779
0.0456171520869916
0.0618664550363197
0.0477242364516465
0.0579454607411175
0.0514902710930632
0.0598139954612913
0.0204122292311097
0.0315095386456054
0.0334782861725317
0.0480926975920787
0.0343199505639422
0.0280990974009105
0.010844582894814
0.00875071279922226
0.0208923167817616
0.0100988050801031
-0.0118416657933491
0.0136754205904006
0.0236384475356572
0
0
0.00985688535783119
0.0242618249543083
0.0311976374916751
0.0192362414270259
0.0113963413131811
0.0316637615514416
0.0252650729445522
0.0261396406181393
0.0180544161331973
0.0547145031663658
0.0456704350104082
0.0529065213220941
0.0334384617859051
0.0373485339869111
0.0480108834709563
0.0712063395141998
0.0698781456504862
0.0638621868574245
0.0629561108937516
0.0617560388369682
0.0877337180074141
0.0771839169625262
0.0521620109396538
0.0592238380648083
0.0547145745713925
0.100408057531289
0.101653020851014
0.0855837450993229
0.0854818265980723
0.0950133820170902
0.0996573303670869
0.0623352852100436
0.0991762849563388
0.0974643080988926
0.0949070163466101
0.0979937769580001
0.0721095736217624
0.0594301052585734
0.0581025127770738
0.0984842483119722
0.057108821056241
0.0691380957550314
0.0889351447790139
0.0667498958414008
0.0823425227506127
0.0472284394894409
0.0574837259035259
0.0509916026619869
0.0729297394648477
0.0504679581296824
0.0671576882626251
0.0653747843648019
0.0468980113138629
0.0291384500694397
0.0144899616920157
0.00987297318237195
0.0444975326348179
0.0381010441966236
0.0238259025028898
0.00926338963651012
0.0225679519115125
0.0254441686012
0.0192733329801618
0
0
-0.00171442530165825
-0.0132836884141392
0.0153366885206639
0.0325727607234584
0.0158900387271491
0.0230778645531482
0.0312761936311522
0.0348830463620901
0.0460280513336785
0.0414423128357582
0.0463344701836141
0.0402513224876512
0.0540191384109617
0.0691295186326706
0.0656050224869214
0.0568711098071231
0.0859512081482677
0.0748783032972282
0.0814060963851983
0.0884867763998127
0.0635959695492303
0.101062159823568
0.10588376854408
0.0850403895986734
0.0914967760594102
0.102320394061136
0.102414579409556
0.0695618054693441
0.0940098278630676
0.0934508117648492
0.104338422761497
0.0831169027971967
0.0828118659442443
0.0984148933556046
0.0944076056343714
0.0902409253981455
0.0821530268213989
0.0814170873705361
0.068062560574978
0.106121687697389
0.0784825672295147
0.10415533009109
0.0679939065903431
0.0760583046659908
0.0575541515322988
0.0508998622076983
0.0734620204865777
0.0577522546257929
0.0533612744239514
0.0599425166862718
0.0662827950679024
0.0665210629854501
0.029028435657667
0.027245199127845
0.0493005859620614
0.0344540190964476
0.01036590291436
0.00754227981559586
0.0116639485730243
0.0228920637698253
0.0227685950468911
0.00991224822642195
0.0276242089202375
0
0
-0.010282240999077
0.0207649070712056
0.00269000651309175
-0.00186405376095232
0.0426497279124121
0.017344323161946
0.0184104803596571
0.0178952288699087
0.0476236567051756
0.0497075973066208
0.0643935109557278
0.0529023583645138
0.0481541892971669
0.0748546683508092
0.0712479636993247
0.0678793889694347
0.0798647183046057
0.0674436091294691
0.0816191034851136
0.0976967466369725
0.0684614318871055
0.105889733842192
0.114708084450688
0.0822223658220229
0.0814558054309959
0.119311979737404
0.0816397696910572
0.0987071563069342
0.0911234378883477
0.0840790326218931
0.103681820890974
0.0928632521910993
0.121510816297412
0.126977025725042
0.0841240288753975
0.113212898110663
0.120296640882578
0.124979434805925
0.107658807073724
0.0777640646705438
0.0783286129646011
0.0914026747839814
0.0727885350582694
0.0766861802342668
0.0767205012866632
0.0924239728266277
0.0776776078966212
0.0873600665686111
0.0718739898652657
0.0770512683882881
0.0729593270042494
0.0536017507190221
0.0422173144000571
0.063307162377571
0.0669367144352897
0.0347124207397634
0.0507863285975574
0.00957467883316073
0.0448212570513196
0.0444525466510237
0.000317946988694334
0.0224821798642338
0.0205190419855319
0
0
0.00711006888089947
-0.00833471766274749
0.0180713692045134
0.0250579962020788
0.0162059200486247
0.0400022047175992
0.0538219830492665
0.0440521670288868
0.0516282968903225
0.056181185540851
0.0538865862883649
0.0690055633863232
0.072355983823744
0.08166815231306
0.0859829704983375
0.0985330920315188
0.0815660008999636
0.0865424966455354
0.0840172033866711
0.114617453994786
0.100385164229985
0.0954892178893699
0.0856922289341609
0.0835961144558741
0.0891541790618497
0.0886927824870002
0.121191637273191
0.132001903943143
0.130228963803928
0.0978999555359678
0.124796042008161
0.135228689370879
0.111213003911802
0.122954141925957
0.119191933827364
0.100072556562243
0.12678374319676
0.095685087019787
0.0972544418551508
0.0889936494318902
0.112936221367609
0.0879791302795197
0.0825592640213011
0.112190625520283
0.10973001601933
0.0739890102888321
0.0799913761918414
0.0912202117674609
0.0607900218871771
0.0590708985807766
0.0691094723876336
0.0678210493702943
0.0780368250773875
0.0721692576613688
0.0407656169175581
0.0303204303383796
0.0632515202101177
0.0367384011228841
0.0291495156266441
0.010787619767512
0.0407575725994221
0.0343562056302045
0.0155139097060283
0
0
0.00438975984306663
0.0293519207060793
0.0184818995719042
0.0130240516199294
0.0510876417775203
0.0196899137158656
0.0430032438188546
0.0300263247607958
0.0434587459672244
0.0468688444898325
0.0521591772845165
0.0589796584059582
0.0686095058896214
0.0684669715878829
0.0750386790445427
0.074617592856965
0.113666343348232
0.105961945009362
0.0798621073969633
0.118264930420092
0.11618899119814
0.118187758483691
0.0976311413600891
0.0954773299409681
0.120928628347747
0.114169621987961
0.11785972666205
0.110520768934585
0.113410050436617
0.133326354552049
0.149793422736123
0.109380214078365
0.136041727085568
0.125979133798911
0.133554109823112
0.145289625774209
0.115455659588386
0.140614130200811
0.114700688519029
0.119250300059113
0.119316203626425
0.0913599476448784
0.0944770775708832
0.0967955966446251
0.108483505787265
0.102294670809521
0.115053001850668
0.11116477849033
0.0953771255541094
0.0749238533601462
0.0795684953912449
0.0742110373076677
0.0880383805212379
0.0457878289485113
0.0330379282167488
0.0654017765356329
0.0561461921033683
0.0368423702971575
0.0425029700910936
0.0317728579758522
0.0319973488398061
0.00537078355456461
0.0256273674682764
0
0
0.013560571532225
0.00287378100074064
0.00361924528155034
0.0308595501563995
0.051230075037579
0.044678906910388
0.0405534850511495
0.0693483894095677
0.0386998637362756
0.0560293165481074
0.071039238686927
0.0632161150783722
0.0876076564928566
0.0860149536622045
0.10843595827278
0.0941829095845635
0.0782947789099567
0.103522793990971
0.109122760371364
0.115087055457844
0.135508486366087
0.102188266164142
0.120964262905847
0.111005389896965
0.129229881463645
0.128615291771452
0.148306886406388
0.119298087613248
0.15165577445113
0.121165924194404
0.149137152055214
0.149964891729086
0.125178703580657
0.120819123001326
0.137335211291491
0.160041912479238
0.1326554820731
0.153899223290893
0.15395138406604
0.118026476150524
0.114898636624737
0.119905448138818
0.11707235497124
0.101297939808726
0.10694444534296
0.128279522319341
0.0972894970309813
0.0902261575409642
0.111833163828253
0.113716951265526
0.093767467957699
0.0619664844183438
0.0613135370492142
0.0815275898979005
0.084725903872953
0.057350553809131
0.0642711821100991
0.0648962189698084
0.015660431010981
0.0269156868036918
0.0363532167207081
0.00164035292388139
-0.0134263301282931
0
0
0.0269890234811493
0.0191668670796898
0.0347172265210295
0.00700067514801016
0.0363267752067165
0.0197792017250334
0.0661090072730039
0.0335831095083213
0.04303729675014
0.0680673651196147
0.0625152911972133
0.0710085886152925
0.08586652861549
0.100662283564556
0.0879013095421959
0.117365257568649
0.11348053904706
0.094916309904464
0.119138723733637
0.113507332775933
0.14137758906742
0.127647984272407
0.136735828912902
0.135203239797747
0.134633197228734
0.124115855498765
0.163630392375917
0.129326606970632
0.144673091017217
0.162656537756429
0.14797042209673
0.14628248101908
0.125522109719535
0.14080077397436
0.146913037687421
0.149486774403489
0.148422011108033
0.160996036467387
0.156222680496963
0.128318769474106
0.157612554169236
0.154965176661008
0.133715954265664
0.131971877740749
0.14549247868579
0.116716510777087
0.111977641120652
0.124692534521891
0.10390251834116
0.0801625689747593
0.0898925515378565
0.0781450243734116
0.0675134808429698
0.0926502823299892
0.0531624944557063
0.0582668563401366
0.0291127357898176
0.0361405728174576
0.0435947824802396
0.0253368716425678
0.00232460979211045
0.0268297424072955
0.0113601065258023
0
0
-0.0022556634540168
-0.00644675961394357
0.0361032747602062
0.0205728621164515
0.0216000738356738
0.0312782681473951
0.0622746392173369
0.0477222392639847
0.0775863712460804
0.0640350666531291
0.0690591036770899
0.0806800613905591
0.110331200874718
0.11644303050416
0.126136481593554
0.110458325511733
0.13596925437009
0.128135215769466
0.106609292328201
0.136355977432926
0.12541782722458
0.130923624965827
0.124505781593372
0.12982417080723
0.128494266637636
0.131496209216335
0.129002762504517
0.155729046634134
0.143945285594218
0.145072608943845
0.153570159127336
0.14369748085816
0.144732493462793
0.152462928588794
0.148018190981542
0.16137485114941
0.140222398167029
0.138371528512876
0.142791591685806
0.155195454195731
0.159464609763908
0.160899487467032
0.148263479742692
0.111908324024278
0.153002099737118
0.126071219801947
0.112058615377298
0.118742813890922
0.087165393339744
0.117987346032651
0.105428255212069
0.102042715280877
0.107902069137197
0.0576051798927856
0.0588088406851627
0.0846382381668832
0.0751001143831756
0.0545956079190357
0.0262198469344812
0.0109970918112091
0.01076098434657
0.0026824735921323
-0.014842100539137
0
0
0.00981719395734318
0.0350782052762441
0.00610775795276419
0.017810452117835
0.0407540501030476
0.0519238858088503
0.0495386691196604
0.0548005211819883
0.0821236102358709
0.070363671293944
0.0828294682910166
0.10795235142011
0.0952608840048261
0.11194638275286
0.0932450345108566
0.103822971323332
0.126634298179752
0.140946667362957
0.129631079824508
0.137260198170245
0.139616644782339
0.1497225778408
0.158202205148095
0.139490264236241
0.138406474959327
0.14112593059905
0.155048515254377
0.173465429445664
0.167958019482607
0.188858424645835
0.155933177348405
0.163688781494548
0.170920780519936
0.184365768256877
0.150655381024279
0.146771864470228
0.18181437208331
0.153746110790368
0.174388799810186
0.18005252090252
0.161863312744365
0.148961111631625
0.165574298350053
0.135997777856707
0.137938060919288
0.11901773870355
0.14260385966898
0.110433262756069
0.128877981927611
0.105060891147515
0.1090502947805
0.0858194096697292
0.104092885673317
0.0939527465485765
0.0794552567233105
0.0906125949807696
0.0476251237583159
0.0719220353222509
0.0228424653669565
0.0311081310325049
0.014302199408651
0.0274063745003005
0.024197168317276
0
0
0.0232713010473601
7.31101971763142E-05
0.0065705274841475
0.0258087365058504
0.0468171819178712
0.051044961868248
0.0369587253125963
0.0600309812946118
0.0641433010826571
0.0587513947655349
0.0879039428899406
0.112548472670003
0.080692742396976
0.119744565741861
0.108983721964101
0.133219974767395
0.148499561470811
0.126559611880672
0.122039513073229
0.166178577965754
0.133844809477943
0.147406953783183
0.180358448257946
0.167123932324536
0.180190862739371
0.156397150763707
0.155379491373766
0.188401153718719
0.19538476606516
0.162378881938306
0.169867729742457
0.186468843414584
0.198524490082569
0.183854896309869
0.154535243546071
0.161964227880737
0.168876073711832
0.189472083040037
0.154094041795577
0.17738036566827
0.173580815674747
0.184541319581632
0.146186023113512
0.139038569239517
0.136048295705668
0.158231213315775
0.138401294164378
0.116805906642372
0.143251824760834
0.10085686393799
0.0930091828927359
0.0828604555923024
0.0778589061496398
0.0997079565461982
0.0872198529441669
0.0705368785177387
0.0462842945164888
0.0539124408052801
0.0470278249323279
0.0307978746039127
0.0213154501429277
0.00536135620763705
0.00779322830012502
0
0
-0.0084270901452854
0.026065261190208
0.0408532600879557
0.0552614608091939
0.0390710847370879
0.0609921736551528
0.0439255826550744
0.061771148674409
0.0575623384521774
0.0695435396225736
0.088688471473945
0.0897064957677229
0.0925359216658112
0.0952831388519665
0.133104514827324
0.121221369037495
0.157448231976596
0.150568468551149
0.167427165723132
0.171975427780999
0.169254286780855
0.140565751159867
0.154021991085633
0.171431420930782
0.158556964869888
0.198889796076589
0.181519520605604
0.160104789511555
0.202234814101962
0.176677310215141
0.199533842265358
0.178703389562974
0.184813675863184
0.188012541138038
0.170284811073457
0.187011653403595
0.180954933952745
0.200103509446216
0.161802279579954
0.177428857630248
0.185154718993377
0.184102842664649
0.143296070718879
0.180007630752555
0.165254288111446
0.147132809565186
0.141542831573157
0.131549056131151
0.12556226400285
0.10532796772422
0.117607907887301
0.116863417168047
0.0968516558012613
0.0830670295853205
0.0945653260842734
0.0540534387490031
0.064173403460728
0.0476392680240886
0.0623844495874946
0.0360231690275117
0.0125890446233975
8.43609943152235E-05
0.00893463954031461
0
0
0.0217712545587586
0.0142119790484168
0.00957881860877146
0.0514548555374701
0.0525859965638827
0.0730128626282964
0.0497559935859472
0.0897083667753692
0.062000373309019
0.0914146458899002
0.093058222727128
0.0896849756293387
0.133168893796151
0.142444011344704
0.119508405876077
0.148925594741868
0.151376853252333
0.147561341999483
0.137075511065134
0.165268104023091
0.175904902266138
0.182219275660508
0.154789206389669
0.196263264111477
0.164088379963436
0.199228254777889
0.168234650210392
0.170158454003361
0.17479196102156
0.174522606842745
0.204185903055008
0.188616875821078
0.202452104543194
0.187375885883311
0.184269513901719
0.193839662462415
0.197439468583905
0.196129638739487
0.202368804973331
0.183278144148146
0.165951933842094
0.163868727110904
0.168611112166159
0.147704186093637
0.186463751884875
0.138017719994543
0.162437345839296
0.122520116321452
0.117322240045083
0.128205764220439
0.0992975120208899
0.135386342200941
0.0813224084225896
0.0959280340895086
0.0999091132669196
0.05424796175501
0.0605245575451939
0.0462549070634363
0.0614911942790261
0.0594627595249207
0.0480418782490635
0.00264782558624062
0.0248576858729074
0
0
-0.0116252217089299
0.0365637319782178
0.0097188596321905
0.04007789683787
0.0532219590715519
0.0662841996061733
0.0808860061474067
0.061449187679041
0.0652691778995332
0.101352724316693
0.108798633739929
0.106278741569678
0.117716256228399
0.118217389712734
0.10930202381692
0.158028575473803
0.123387187217174
0.13228671741411
0.136579607889574
0.187138824761558
0.178064228519753
0.154406434003426
0.192634228233855
0.177104374850468
0.1724868989312
0.196630237393324
0.184406526261271
0.182654409247847
0.194411565936768
0.221188884649499
0.223963358196608
0.210356060065087
0.182319749966345
0.201531764419112
0.198139326360598
0.187795149599259
0.220326681124423
0.202060940567907
0.17684942195237
0.185405006697408
0.177527235016252
0.17280012332945
0.201544631150659
0.161199242759932
0.160818751799858
0.139897898808194
0.142404339678857
0.156920783277515
0.133054430605713
0.125957753592963
0.137490123451092
0.134522249434052
0.126735334318796
0.0853266676010632
0.0736760611007676
0.107599158113053
0.0551037668374519
0.0765916272230811
0.0486585705067573
0.0204871956812409
0.0307017940568532
0.0309354795077361
0.0293099894619495
0
0
-0.00251017978061129
0.0327382850253943
0.00973073553881056
0.0351005441965605
0.02966015248963
0.0798560609127687
0.0817914110661581
0.0541291470821932
0.0830984024128175
0.115602653158165
0.11146062563571
0.121753553824271
0.116092302579934
0.110665925351867
0.138243141226626
0.121208264371978
0.13391472018315
0.15263824969756
0.170876443989845
0.188617551106895
0.156397509192629
0.167935021223368
0.169325395353194
0.2062527388702
0.213176290208372
0.190797155008409
0.197922720546686
0.184156783000798
0.190393705210018
0.193156884669319
0.18923622583803
0.230428202793185
0.216529425383875
0.207344989112521
0.221772533573657
0.206831439696503
0.196989988739189
0.211868032461982
0.185309073418631
0.208186895488764
0.196145529702766
0.18293331205973
0.17587563139867
0.199960493094422
0.159520437222528
0.169034366509422
0.175127546903598
0.175646384035319
0.154458645056433
0.154008775536175
0.122074986887593
0.133393047498779
0.132461325961547
0.121604409338904
0.11136890382383
0.0627807170913647
0.0854967884138812
0.054394750346376
0.0588883229354545
0.0592907476374142
0.0388456812728885
0.0370278776567285
0.0313999611251186
0
0
0.00112608942607327
0.0389724371169969
0.0433944170725768
0.0230123214752834
0.0273895593862462
0.0552171166796186
0.0517776625266877
0.0903578199328418
0.0892264219113683
0.0865932818170328
0.128506451929219
0.110291562806549
0.135977575751053
0.152637325369336
0.129704917823144
0.155222310499119
0.150522522607006
0.166831143380048
0.17054988647994
0.173752225645619
0.176722727589496
0.205516878710976
0.186850346240864
0.176417525192155
0.215776257547693
0.211422594919719
0.218251498208415
0.224502370532197
0.238462509623479
0.194947635846762
0.210666753959751
0.198164666294652
0.230323697935188
0.21636188018411
0.24206247715873
0.239761880742649
0.209969988692252
0.207108868093027
0.222728430233637
0.207257096770276
0.204076931978914
0.175429466036478
0.208269149605625
0.185910110837144
0.20219743486354
0.173715857852825
0.147598814168953
0.143124886572597
0.151118546871772
0.153506299912826
0.122398656949277
0.114501001990543
0.0991104352328906
0.102085427416054
0.100931880156233
0.0868725968318358
0.0828243866759708
0.0822946151334223
0.0505149694212414
0.0421695764045066
0.0476403301404997
0.017570698876026
0.0265130412680264
0
0
0.00994089553703376
0.0399304776002104
0.0497094966937679
0.0487111759618763
0.0430764353598065
0.0821202581373167
0.0627715286216787
0.0705054207181607
0.0687045451614521
0.115813802933153
0.08737105932595
0.13864987676022
0.12091834927318
0.116971273070288
0.164218702423077
0.136569221735976
0.152531598142764
0.169755619235398
0.177534663065595
0.172799380740853
0.180547872615435
0.210191618846848
0.181322664860297
0.226338962208265
0.202687228244711
0.232718393743591
0.217824342601049
0.213606162230899
0.227120927562795
0.248114526726949
0.216720735179702
0.238566742474473
0.208686772973097
0.214264821432759
0.216248554343232
0.226014898541142
0.246879698849224
0.235084604083447
0.230440316052199
0.198289078441613
0.19214957067578
0.200268141600482
0.185627003017473
0.190301080954625
0.169445157015754
0.179630691347504
0.15980091744937
0.161978978123897
0.168476125172927
0.158182768728881
0.119649513348665
0.153367255508933
0.108479178319566
0.0924302146962312
0.100893022864851
0.101100670325034
0.0986266566240012
0.0951614259993154
0.0499459829595503
0.0440688393274178
0.0335435511897361
0.0480405725475076
0.0217116518337312
0
0
-0.0103848706148386
0.0222777208512005
0.0212014267798269
0.0557519724082271
0.0345276327133621
0.0754751709714628
0.0681377892773697
0.0678032621443534
0.0946381360483916
0.115695932898197
0.10655325458543
0.10655315654924
0.151626575603857
0.146384856775403
0.158425467378301
0.173216997954381
0.184618181717231
0.182634925948482
0.16262890072911
0.196125196229339
0.215304264557415
0.220389046263233
0.201171678964537
0.212188795844466
0.192752202429759
0.233056526984323
0.22932101915817
0.235432044972909
0.253234092374033
0.229240891544492
0.223608557583298
0.244005605080885
0.217867040217034
0.243795004907767
0.2165470756024
0.25053464682696
0.247148040195157
0.2350724161162
0.204622704222602
0.226914056772491
0.206539499506776
0.211441203190355
0.2087805114116
0.183172879956898
0.213140386137651
0.210812475278838
0.182726693044048
0.150120682090435
0.146160875807525
0.137708141719774
0.142416297596415
0.149060084353501
0.118676580163624
0.105260239574511
0.118346934936549
0.0751774603838154
0.0647755774134907
0.0855267817617095
0.0758496351715301
0.0404036609203458
0.0193445527248816
0.0360783015373311
-0.00476455901534457
0
0
-0.00830313250228233
0.019716907601702
0.039014084360573
0.0650413521519922
0.0411838414354435
0.0624176446178973
0.0892253150541125
0.10746980542219
0.0841233244457853
0.11007360787628
0.115201664711583
0.11963024554634
0.132476560392145
0.138273711898178
0.141296912894964
0.168822466202439
0.149357359882982
0.164836537506665
0.187963763165296
0.193982631307307
0.215356594260247
0.183086769757903
0.214556703051151
0.210302737174058
0.239946859549575
0.247992062209569
0.207553562823098
0.244544111563646
0.215560336211882
0.254818034932494
0.251357494878899
0.237345857585562
0.243832811791225
0.230739419548656
0.237342358498865
0.247076133012317
0.222133383838253
0.256957112278561
0.221661399609953
0.231966753032138
0.214309294371018
0.201323672875746
0.196319959052598
0.189056822087329
0.21848049670806
0.214378878581597
0.175547002185386
0.19013328433759
0.188659544216319
0.139252523095678
0.161995410189418
0.120572624088684
0.135926776934985
0.10335311224659
0.100210970779139
0.0741140334151519
0.106657001043887
0.0630317776068721
0.041561834439097
0.0378766015720605
0.0334815691880545
0.00286585672578263
0.03380265710944
0
0
0.00629815794978133
0.0372672414806349
0.0122124940737439
0.0575238281065378
0.0382039595797196
0.0843526405927989
0.0793172941864714
0.0840879994385461
0.0787885870147561
0.126351820847159
0.138891423014601
0.11370771607003
0.145155960962735
0.163148916516131
0.152092626342223
0.165280007873316
0.195579265991294
0.189119742628252
0.179632235286567
0.213583620074286
0.226995841810728
0.1923301523876
0.222745387225468
0.237786761206762
0.221188797344488
0.254009304892366
0.230535557585563
0.252090117236303
0.26184793502332
0.260629690804712
0.222425493114891
0.229535018962501
0.233606425234868
0.234163352980449
0.258648906330169
0.234143036868557
0.257558017201344
0.219898611874239
0.219294488228037
0.249220109413851
0.219229428694339
0.231571325039078
0.224759702443523
0.197401168150507
0.213653379125055
0.223642940248645
0.199560686255643
0.167126118156915
0.172406665388171
0.178224082638379
0.135220417525418
0.149592726187511
0.113978773977547
0.108071273905942
0.132857696238937
0.0879950388893651
0.0725831069348825
0.0605828213583169
0.0593272365217237
0.0334480930072433
0.0390103811109943
0.0409088439289706
0.0135016863843425
0
0
-0.000855685647301366
0.0381544712033922
0.0458090994532459
0.0644817476904537
0.0507114054238058
0.0467481158962763
0.0593205683284428
0.0969384374504313
0.115419052596106
0.109277768784971
0.11797255351859
0.131428970574075
0.131646983281272
0.149038809450853
0.155317026718033
0.152640005233808
0.171534316864929
0.175465541717691
0.178743039583812
0.191027072613677
0.190923878779926
0.22497315026164
0.217453613390006
0.204391330356419
0.208458688399595
0.228837957942166
0.239992629020821
0.223827282354504
0.251294137846973
0.257575915915401
0.224848619901385
0.241758281711103
0.25262784235732
0.233379810151273
0.244944668140331
0.2417284699428
0.26623093293202
0.222094353399922
0.230280513214537
0.219427481068767
0.227194428092312
0.20760229460533
0.211622645777316
0.197174787051578
0.218703133835327
0.212728869994859
0.199457732531034
0.200917315546373
0.191644759889565
0.143205497967816
0.132767213627495
0.166188525483128
0.126346179378878
0.124383178712361
0.106616699608659
0.102767623879345
0.0855886464031219
0.0895964792305653
0.0869544577015681
0.0277185570136736
0.0427708781988592
0.0531924724036197
-0.00950958651244153
0
0
-0.00414493950369322
0.022148761618813
0.0171386032418939
0.0673421853804565
0.0411955150091902
0.048498282171355
0.0583596900271601
0.0796364585610361
0.0927048764014254
0.0885148361237423
0.100988970674046
0.15131218515144
0.121306096268665
0.149157057634685
0.153011922576093
0.165039513025294
0.17185384332224
0.200764037773566
0.206660365840032
0.195426958330197
0.214952576693615
0.226121112526311
0.206548742565725
0.206635222645951
0.213579962948786
0.254015752422823
0.262962522987762
0.269268591384068
0.233872679492026
0.235148708049861
0.241562674077098
0.258908617748677
0.24949843879544
0.231053098228509
0.235505283043176
0.259435338121679
0.25339420731851
0.259146418594968
0.241817654367372
0.252097252979116
0.24893226861846
0.245335754509013
0.237029954161839
0.239131434904818
0.201372355079197
0.210034606191496
0.188493249191242
0.167445811353499
0.159300819217665
0.162355773430877
0.164152189540761
0.137798019402136
0.157022810551488
0.137120613697421
0.115965628051547
0.103570108681739
0.0843860479509021
0.0586451300714649
0.0897954773754508
0.0468958538905268
0.0240051597799066
0.00608531270616319
-0.00732800513332147
0
0
-0.00314065502856424
0.0343398639734967
0.0328974628862744
0.0470754749787179
0.0359050189664032
0.0599527626011718
0.088397586949378
0.106320198814809
0.107765714204951
0.10519768034966
0.100737226291981
0.138263859942206
0.15944561870143
0.176370018126892
0.15330690174262
0.185709290686618
0.181712567270542
0.190214744668344
0.214387572467371
0.223881180089405
0.229957911649547
0.225070272160982
0.250908154878605
0.245084855124315
0.248756739638553
0.244548350276363
0.254312833733546
0.239922082808982
0.250713842514023
0.269767899378681
0.235639438974976
0.259157749721881
0.264851327754252
0.265764774098204
0.259071678290104
0.236852524464082
0.269386250670872
0.229200465106471
0.237846967946346
0.258573258379274
0.236345624778902
0.236565703335509
0.253423233841397
0.246434951492691
0.234229037167811
0.188050578521403
0.210211751467463
0.193305535570104
0.161267962874719
0.165083248463511
0.160006714491682
0.172824936068168
0.134750395239258
0.116989173991331
0.106771817987036
0.11112627430946
0.108066425621999
0.0930162479527799
0.0852527002456594
0.0554710376126567
0.0510570432009382
0.0233486456391262
0.00849357828285601
0
0
0.0271970522948699
0.0134055993257984
0.0349815218170975
0.0681987329764024
0.0438523887012583
0.0673759598323345
0.0659524024321181
0.114267583397821
0.100972652015813
0.100775404391703
0.10459248211443
0.133199586678864
0.137630121874202
0.162650200962695
0.145145152353483
0.195234374311424
0.190776006775465
0.210325668200756
0.183807333353238
0.194842138228416
0.197432601957031
0.216010513996974
0.214287529788967
0.218598345952521
0.2348131691713
0.239201762646613
0.271420048977561
0.245932116359062
0.235381149619973
0.245418950683146
0.273930455469369
0.240790144185291
0.286482248626422
0.242318720336375
0.240862827071538
0.267169173307714
0.24892092747714
0.235034413358154
0.250929572450313
0.225699381899794
0.264662446095479
0.231860487060803
0.258647723295729
0.236045821197066
0.21005985837513
0.228076671572083
0.228186075162426
0.218922355512414
0.196598458501893
0.191619283858429
0.148748777596292
0.162564561258194
0.146087435744394
0.117036050369535
0.10932774307888
0.108116617999448
0.0743050674940882
0.0751687137327516
0.0758706095361247
0.074519774786795
0.0443435775221356
0.047463617728987
0.0376249336733536
0
0
-0.000168249040993194
0.0213817856573164
0.012328117569368
0.0457774595979746
0.0461126468751122
0.0727485149221102
0.0783534666467851
0.0982305526424932
0.106367049662981
0.11040974773323
0.106748911915435
0.127645171533215
0.158903658132137
0.15101489306463
0.167853695006339
0.193198846516991
0.189547161098708
0.190287554070238
0.226372789668805
0.217743453308509
0.2075390406446
0.203525950288987
0.213658426888141
0.239706775713004
0.256648268587235
0.263544572255017
0.257117796581379
0.257989453915185
0.281706926219542
0.260348266894163
0.269684512131602
0.264932120072695
0.242105250239498
0.261030558092719
0.276328800684523
0.247883587371665
0.250633471888262
0.248746154260745
0.26639440424454
0.245278902419382
0.234851193295274
0.225152369771346
0.242771590245605
0.216428251888157
0.220285892817375
0.236295180579474
0.209025857116627
0.178638319137014
0.193096284393965
0.17898546753945
0.143412914514925
0.153284079083234
0.148235347368322
0.118264802248984
0.129955940756478
0.0927168830458473
0.0878029670023944
0.0819046907288495
0.0822390383258377
0.0531665737034061
0.0694714844235934
0.0515394243427873
0.0243699817290434
0
0
-0.00675151267481691
0.0363726573854583
0.0394792825592121
0.0369869580717641
0.0516063638433262
0.0768444710710118
0.0739904135544065
0.0964176491647711
0.0944184983818657
0.125044845614041
0.132130184565198
0.132050520409998
0.129503177914894
0.15484293452554
0.186539410856432
0.158283333183912
0.204551388729916
0.184906806371171
0.202354500472992
0.233825162014609
0.217083393879384
0.223704844379283
0.218625081957439
0.262073517295155
0.261684449939951
0.263590846117583
0.257057370854077
0.276394386161426
0.277525693605772
0.268128227269257
0.254504678710218
0.261098215427965
0.25936767514268
0.266613434218811
0.267927304881405
0.262442207414636
0.281118870682426
0.266755045224118
0.241684451764898
0.253047598324484
0.236762758312057
0.267040260491226
0.251806236510341
0.243880012970586
0.247332295941093
0.233979770104103
0.21098789992689
0.213410355390773
0.187170452779524
0.173415406315219
0.187960492367359
0.140329029314821
0.148488628436056
0.160513497940597
0.108959112624714
0.119202888880425
0.103042332068918
0.09230538923467
0.0686455091876861
0.0619832462713535
0.0215369073486067
0.0277058898062107
0.0287900511800466
0
0
0.0209241353540087
0.0205955656412177
0.0236954139198788
0.026980529819091
0.0650250227729072
0.0898056822441899
0.0804921396129836
0.0825157755987882
0.0942648520401504
0.0973446879476693
0.149798509136989
0.147259533337776
0.148886321072773
0.167401242636427
0.1673934172822
0.156236036455116
0.164642046550165
0.183786956550538
0.219309041673564
0.209667962891952
0.218582337643969
0.23976752363547
0.216034591486522
0.258525017899504
0.240356067889549
0.239214434742537
0.274070707835415
0.276782773072185
0.247945817247054
0.247968923116659
0.271954289781164
0.26196462559342
0.282773535256439
0.252566334061241
0.245003187678836
0.255977673965333
0.274247502064032
0.27575752550501
0.280034194735799
0.272801026018034
0.27571104291517
0.225585287036074
0.24374652178426
0.210480590890937
0.22832259450927
0.206267114694455
0.222125891398126
0.226215569562814
0.171358172864071
0.186809444161418
0.167135561741014
0.151578280365701
0.137909784781633
0.112072789334475
0.113529773810529
0.13696023497851
0.08881021204874
0.0790703696511829
0.0820881677745505
0.0518397997243114
0.0192420113506902
0.0363496949384293
-0.00934721219248361
0
0
-0.00503306242074367
0.0240406125378447
0.0410289076997863
0.0671189195420091
0.0520144868519857
0.0779901301430496
0.068851517870832
0.088096478074934
0.0949992086727774
0.109321408383887
0.149615504018491
0.136404265903999
0.141701369321836
0.143763663201512
0.148264012142913
0.170470743451635
0.169422093792143
0.198363561415308
0.224905608036384
0.22474033042764
0.226388966860242
0.239492496151659
0.222935150817071
0.21998140993401
0.257975287148553
0.270473235009088
0.23545665199171
0.283223703719431
0.252766673047936
0.24385766027067
0.267904835155934
0.28262671711353
0.261745165454958
0.246207957367463
0.266073050861364
0.270212481318891
0.287058772014866
0.254478407909393
0.253871024636179
0.246615140971635
0.273404621081122
0.232144428548404
0.222260861951355
0.260399255389274
0.218199507392751
0.223967153350734
0.23496487596919
0.217223971576403
0.179136076483582
0.158120280752409
0.175413245043261
0.179963931963459
0.130476675640172
0.159022384115163
0.123092399263902
0.10701093687754
0.0862749506375003
0.0893734547712624
0.0566920867287868
0.0570655122946175
0.0488766011577011
0.0157243204802609
-0.00755537996016955
0
0
-0.000158735313109862
0.039956581232226
0.0229849439253982
0.0307504757885318
0.0513819102240592
0.0826157287655642
0.0842896989250684
0.0912960685349963
0.119683445040404
0.101281958662759
0.132524700809121
0.153759095870602
0.143737208423327
0.163156141841551
0.157639246955049
0.190085392054363
0.170781229142241
0.217500274265387
0.195774518448231
0.223994919165637
0.208566406677201
0.228004648417756
0.242038209613764
0.24647627289687
0.2437337405941
0.255248503421517
0.233055515592474
0.248913893040977
0.255183341106298
0.245549683190508
0.287438874554957
0.280105267079438
0.277583625208821
0.250289071098521
0.29028431687139
0.249086503631806
0.245749437945972
0.260985442586471
0.266531125790398
0.283967665454099
0.263058746859239
0.252366675156853
0.254455179264561
0.244030782049638
0.229766404132995
0.196487402150322
0.188156831849968
0.219044971892673
0.219605366834554
0.199836992591211
0.148912324094718
0.163587506907556
0.138037600336962
0.139958374472045
0.145490496877085
0.126313264849285
0.0844746436974056
0.0930870509358902
0.084038454606232
0.0737433884393888
0.057399623787852
0.017173345960477
-0.0063562808108888
0
0
0.0223806286942492
0.0150232973872864
0.0543703563491793
0.0337495391705392
0.0499795420845817
0.0801446830321306
0.0666699671339334
0.101484239165818
0.115444291539604
0.108661439824267
0.117583340319185
0.115489743743226
0.155472667796178
0.170478624045465
0.191130111643829
0.157706231721691
0.181585371986615
0.196658326952282
0.19171107556183
0.202393919842178
0.221636823738562
0.204292448269019
0.226283092531805
0.23647709079152
0.226398290689164
0.238350429509408
0.238309034448401
0.279159692916732
0.261072854810533
0.276828233402966
0.284138655497393
0.257458602393879
0.265424140788479
0.268219726713723
0.295478851199935
0.260820230582217
0.272178563681046
0.281974651926481
0.273766467070336
0.235368970090567
0.269184472595534
0.227813958696541
0.232467722795446
0.218497927269832
0.253120310851652
0.220001253712363
0.195407266588467
0.228716062034196
0.179124192985648
0.185287015338564
0.162533825608409
0.148119093723298
0.149961023644675
0.165180054739607
0.131361527793479
0.125055717385771
0.12663105823536
0.0869302866286403
0.0509433475953064
0.0345916066485374
0.0480355615712015
0.017543755027193
-0.000794040866810776
0
0
-0.00974872311711896
0.0250993601996536
0.0148294761057756
0.0531214093967913
0.0453492628081593
0.0826461403729672
0.0884891215488571
0.0925662129659101
0.107046650338278
0.128471248449931
0.110159567709208
0.13577391427362
0.142615650665035
0.166954528519997
0.150785062015937
0.17444882829267
0.191229338441378
0.173156608728591
0.187677765281895
0.219132480998648
0.23995538793703
0.221579353712341
0.236063539349192
0.252197429158842
0.240540091894309
0.267744352104873
0.243500500971007
0.251660813163066
0.241158130482147
0.275743908838205
0.274986546068638
0.268697211970635
0.27025467523072
0.289901973110279
0.258643793572584
0.275193216879255
0.287437924365761
0.281874320980197
0.285238502080056
0.240489447408593
0.25592739727652
0.222146955539059
0.253948400285421
0.232515836819439
0.218239497562299
0.219745746345437
0.194485649445003
0.229976564652243
0.210422953071211
0.158532551164079
0.172320217800224
0.134894769374544
0.143620360401939
0.145008485031786
0.114468351045545
0.119798977933465
0.126893146508143
0.0750450536930475
0.0575498279633591
0.0508303530750969
0.0443685582006169
0.0180732714633496
0.0101185521926409
0
0
0.027606583608064
0.00689189310961048
0.0425438036096408
0.0681513382728825
0.0589974972126714
0.0657549771790499
0.082241239847944
0.0947594167596432
0.115970216712606
0.094897173394929
0.100893804453009
0.116000407190546
0.164556457185164
0.163767014051926
0.146871724431278
0.17230562826846
0.204492112333373
0.201643642329173
0.190857020550832
0.212098056291818
0.194765834199235
0.210591938613348
0.237867129837543
0.218202270649322
0.262349126759478
0.252917811389798
0.261317872307327
0.264423851939559
0.265459253758019
0.268362880156736
0.270255840396849
0.276193860602714
0.255969725872109
0.273859924827398
0.287305103914255
0.256791717328811
0.272379047874036
0.262997097949676
0.267245434306832
0.259229416504947
0.238879253873697
0.244703558674932
0.251421160343764
0.25619850809544
0.220533827806056
0.220451449684362
0.204888932176299
0.226431621290691
0.212831453700905
0.201881843050792
0.161646664404392
0.171179653326705
0.133904053481383
0.151068980120154
0.118238723090754
0.120477688602652
0.100110817581846
0.0898361158805091
0.0495071648048266
0.0831101262398242
0.0588216031188561
0.0518449068208056
0.0416433740221079
0
0
-0.00292992705714635
0.0229778753109488
0.026193079694657
0.0609144327206715
0.0478902284134012
0.0822377190924199
0.0939242256770026
0.105122820225815
0.0979249498875492
0.0905923117500444
0.133076753682694
0.123220182936304
0.146863594512321
0.154385832616159
0.174207119506225
0.184189434751959
0.175645872528054
0.17666628019543
0.210198893407943
0.221201089579297
0.227285743003171
0.211690314915285
0.248852974586885
0.232715526434833
0.241590520314474
0.232272715161212
0.236851939143747
0.269363692586313
0.236125525352909
0.255900523359789
0.273627636688396
0.280518791464346
0.259480727004071
0.266577974022045
0.26697432644548
0.259717893027379
0.239543732337462
0.27025233343145
0.235504067381428
0.234514270238781
0.225329836808729
0.219268595057562
0.259306775878495
0.240290908875068
0.225486386616933
0.215462971058434
0.226314058237731
0.180484652409613
0.207218880765699
0.199973555874527
0.183932070561751
0.172787412064796
0.122428349724114
0.114320819952508
0.108111305879452
0.13394960398001
0.104729158123893
0.106722394314654
0.0615271346420512
0.0334487574745949
0.0479613293745134
0.00159195686426938
0.0288513860401443
0
0
-0.0105681418780502
0.0146325674910824
0.0522008306019922
0.0634223582885337
0.0358264146448187
0.0898283403070098
0.0700924447180902
0.0977540110399929
0.108626824338776
0.0930298035039818
0.125198342438634
0.142496859613084
0.152004736257299
0.146976220276166
0.149668808247919
0.192399717740428
0.158445007681261
0.184530294268075
0.177206416092278
0.180414139851376
0.19904161454324
0.227491539305075
0.249247220718689
0.245404932683089
0.226149280651099
0.232404487802485
0.25376175482712
0.266611001353213
0.238487953578815
0.250722474736052
0.23490817915854
0.265119749321654
0.238703657649176
0.252360955827645
0.282074792383451
0.252163285259094
0.264873577806288
0.2604777411982
0.267994987155988
0.231664674833004
0.244725068949421
0.222911653036498
0.211872978290847
0.235840006614546
0.220388111110193
0.208722244997507
0.207360983131279
0.198485982844439
0.181222706762179
0.203294345439268
0.156114845044335
0.166909873144499
0.145366907744459
0.107483607326066
0.12331088346725
0.102099013013245
0.0899785116802004
0.0644130857101137
0.0790693645359869
0.0725452078279265
0.0354855685938093
0.0303409137865455
0.0149223699479226
0
0
0.00275897020654391
0.00428135899032554
0.0110116401874191
0.0528682915358261
0.0514662319220385
0.0675638952305352
0.097431681977297
0.0813155102420981
0.0988312743509262
0.116922508864629
0.14110173163196
0.131354319390502
0.119516517008137
0.154711793772918
0.151999899334699
0.159123528928398
0.196019525084855
0.199819059502649
0.175570187883662
0.198815366203364
0.196460924601333
0.195854412080015
0.215045642835162
0.207868843603525
0.209951135648292
0.253353497776751
0.244532324440718
0.270771455632045
0.24837565001543
0.275165264592432
0.281353970040793
0.272193889373326
0.282178136988406
0.267246976863538
0.2713473973631
0.258079531584369
0.253020902564982
0.263917072904241
0.228844941394332
0.272433003990402
0.238468249920111
0.241981885042957
0.246722393074236
0.253174286370705
0.220762976424288
0.211229974399547
0.200856955281125
0.209403299841046
0.159674810250947
0.195876102687542
0.180927400991672
0.182781768691669
0.130090519699483
0.109187038141666
0.107259532084683
0.0931913937513233
0.111364364327364
0.108373971113181
0.0804252165465324
0.0648242181717913
0.0148231179701299
0.0573473268258162
0.0389870723565789
0
0
0.0150717598104527
0.0297472715121793
0.0180556349625233
0.0473263956662192
0.0507134389607587
0.0823359342262611
0.0922637128222481
0.103915293158425
0.0831087677649629
0.117049004159929
0.101337134910348
0.105129360909278
0.145577302517601
0.138933910181795
0.149505732254949
0.16856820856621
0.17598840912155
0.174962044488528
0.203658503975794
0.219658145101881
0.210436983497385
0.195030765337177
0.193778133570911
0.225933406943621
0.248214029904468
0.229450573379327
0.239843883564521
0.255473725819594
0.246816898227867
0.224137271477037
0.248606060930052
0.276696722524883
0.250390658656904
0.262813584282652
0.236732913600353
0.243199016032251
0.242894113185621
0.27032780945008
0.273947906378808
0.262853591519383
0.220244838248527
0.258926645894394
0.23111266105249
0.209874461887408
0.192936995749735
0.183838932226579
0.205454021641872
0.214334031344864
0.178258898350439
0.166655144193299
0.143757688526835
0.142012298319923
0.128244300428131
0.105477137019092
0.108414129172828
0.103658394256477
0.105166494620165
0.0914439449341536
0.082622723306119
0.0291251684168609
0.0349806420825757
0.00664526825308708
0.00773024808268894
0
0
-0.00250214458847331
0.0111484184987155
0.0189088029434258
0.0475705261040865
0.0313310159536907
0.048750784553861
0.0538776586411539
0.0726949296971698
0.102250116935344
0.0976505263152234
0.134307789539661
0.138558163796238
0.141549162637544
0.149450786344734
0.164763689231774
0.159679618758204
0.185945409684774
0.193937816642377
0.192336681398842
0.185766567645206
0.182794832699453
0.225769063903678
0.195717437369405
0.229377279170182
0.218240719433211
0.221683399675811
0.245530904794535
0.244493913762074
0.2500828071876
0.226232670961951
0.270378409594885
0.247247029816872
0.223932205620427
0.253061000654566
0.240266156479254
0.273748330992347
0.265702868420179
0.240764523310014
0.244318797120855
0.249367377169118
0.225066014336596
0.208458533682621
0.222738298295972
0.24285132694627
0.202818070702421
0.191386093783047
0.206036136458331
0.206968859543161
0.204622512332965
0.154291173990866
0.184254953438329
0.135257408552062
0.154574502372122
0.145529905358089
0.102891108688329
0.0962931785121442
0.0726929368849517
0.0826149122370081
0.0539780872452153
0.0667900033940769
0.0400207271907009
0.0255038765943746
0.0199867854565524
0
0
0.0114921719276576
0.0160344666233707
0.028235408912353
0.0543075031635575
0.0329886447177535
0.0526920317332257
0.0851254113927523
0.0877044637337879
0.0879820825290179
0.0918765617051879
0.132175174586644
0.0984174603201647
0.108430216530518
0.135389764471088
0.134562405114197
0.151144297285837
0.147168446558476
0.182992379240776
0.201536071480557
0.198391807471104
0.193977481864422
0.189230814945253
0.220005366832106
0.225290087066803
0.205196681002489
0.214604459705461
0.253126819421598
0.249275612059594
0.226163049040342
0.220719053963356
0.257922376006795
0.22763141215729
0.262348519916551
0.244116416049048
0.266765572680478
0.2447826280007
0.26187794038035
0.237198412082026
0.239339823490006
0.233472328177745
0.209575068124024
0.228680530102573
0.219170203293072
0.238014999340465
0.225492048686023
0.2159665408851
0.177546364847686
0.209987027645351
0.201853654327756
0.148764472241364
0.137788492192929
0.120444193679036
0.141336415558925
0.141736996798644
0.0939106474830243
0.0911280347853371
0.101540609234711
0.0926311305323995
0.071322769930076
0.0714917585268232
0.0313675947514119
0.055578700359635
0.00345157975248118
0
0
-0.000323360046858427
0.0184778843812937
0.0401564700449553
0.0246782586585642
0.0516545830941457
0.0589644589308953
0.0781731610868564
0.0796226688016318
0.097268332391966
0.0822221559066906
0.104114608250984
0.12057692465602
0.145771801838325
0.147867752638706
0.158924511639609
0.172422726840313
0.158410833858991
0.148907689105981
0.153630070727247
0.202337135300754
0.172543449044645
0.171918715922159
0.217942595596523
0.21534477560251
0.19239634347365
0.211084107755517
0.229508988315512
0.24438639977653
0.211002363810832
0.25137971601877
0.246948623442511
0.217885649447366
0.218934668046111
0.223966151742061
0.222325716036966
0.234678435190398
0.213369590015533
0.23877870291538
0.239984914369751
0.224767416829129
0.210230550890745
0.227885272223633
0.212669333374831
0.229303582483389
0.183825281758438
0.179708930944402
0.174269568731669
0.183509256382617
0.194380316281022
0.182784043504799
0.133631576394194
0.156317982041936
0.122797738885701
0.100073089196324
0.0937306029228069
0.0872215314173611
0.0990680692128157
0.0534477663773219
0.040865424083386
0.0340546369372446
0.0610012703062426
0.0473625474563222
0.00599377257399999
0
0
0.0237566899646696
0.0155377063469002
0.0182191563308217
0.0345031602709219
0.0555114799210527
0.0598314483542987
0.0602238191476156
0.0919143944005161
0.102991808573977
0.0923404171407594
0.109255729212806
0.119899353812209
0.122031376145063
0.133091415332193
0.160804798948636
0.146964277158154
0.174251105624687
0.14463831847669
0.150401127280315
0.200730735717745
0.174410366613365
0.201775713576391
0.172412825816096
0.219286846730898
0.184155413788499
0.188732911104477
0.238394060952486
0.234198236421207
0.24793058516561
0.225408669077143
0.226171569243366
0.233592401783444
0.225161068640054
0.219091937208443
0.238808302960743
0.227217065212636
0.249639175579332
0.242498209339554
0.228404959457881
0.248090507184474
0.219046207469898
0.185945260870522
0.195993003621957
0.19048262021547
0.208623747584086
0.188837638763162
0.194695879787492
0.189442945406657
0.181814690838592
0.166327678510921
0.134081278894244
0.115959248894652
0.146065938057575
0.14218363634804
0.0842938825116407
0.074110783376149
0.0807785591889896
0.070908299595064
0.0553121137530024
0.0577537802583738
0.0453722859592459
0.0303661243873604
0.0339835173643077
0
0
0.00320583055792941
0.0396261830899492
0.00582969731630536
0.0246029860252263
0.0329776849613819
0.0735539367664977
0.0644302638248642
0.078475074573846
0.0638884260037799
0.0942534486692518
0.0817980842543156
0.10640256362675
0.108123002891562
0.12375044799669
0.146563541811231
0.124707896709041
0.154213326986115
0.15046170494367
0.149906086194011
0.148484736602195
0.170898046056855
0.17271326423273
0.184395703385998
0.210798802028048
0.200882293355207
0.189190530037971
0.211389186539633
0.188476369124337
0.212785664677567
0.213451617287061
0.243928632544718
0.2151272977471
0.246893466925469
0.205204717419498
0.245333279990578
0.212285209918815
0.231494052887253
0.205238822748634
0.216135146253147
0.232829185441434
0.196445532065788
0.179738602278463
0.180668301876993
0.197752839605099
0.200323105033932
0.181698733821755
0.193887543686863
0.179307509952885
0.171962375346197
0.143118771701617
0.162335143328704
0.122517572635299
0.121486332640496
0.118476771747511
0.105087738736666
0.0709968727685904
0.0884991862302651
0.0557714716356417
0.0740763569561049
0.0202228704241976
0.0276153793915669
0.0223816364150085
-0.00852795218120275
0
0
0.0171154401644611
0.0222088745836094
0.0369864666100612
0.0346630189984788
0.0275563092853424
0.054865104936946
0.0594244809616467
0.0685647150133919
0.0724750424598605
0.105973117525428
0.090088906378917
0.118966166189007
0.105354003980838
0.104240670435059
0.147009621661635
0.119102474553625
0.123031527825042
0.147434519406415
0.178304661814056
0.158949406581958
0.15344099787448
0.183070011031663
0.192172494967421
0.211162988497923
0.188259890799661
0.205550657499533
0.217122704075535
0.215966631864387
0.205534025247998
0.210500105056998
0.210054263424262
0.213595999299939
0.230101935309697
0.235101278080327
0.212074302161725
0.237567492852073
0.237325939124418
0.236846488870652
0.217127397069455
0.185032858790937
0.187009154181119
0.218165904740377
0.191028189888742
0.183001442343455
0.158761558308933
0.191843975631694
0.151862163678231
0.190131827971153
0.169337404937607
0.124956220936374
0.149397673788115
0.137260153937311
0.118597070054311
0.0875095112223296
0.0729966207639076
0.0660949273614772
0.105660074601495
0.0865175895482663
0.0332946024218237
0.0456816299654261
0.0492599407565939
0.0373692382062615
0.0416596023541801
0
0
0.0236117748795392
0.0129771656341702
0.0418475887553173
0.0111145507804821
0.0407641771505776
0.0604950825597656
0.079987947719519
0.0535303669791556
0.0574444780524088
0.0973031320598489
0.106116554612909
0.0842595302973272
0.0982617082631989
0.100076698877561
0.113618428814325
0.150613140632176
0.146419947125153
0.145818108624177
0.170074085204915
0.13368291814659
0.158214126366299
0.187812254026412
0.193618340644914
0.157611959731949
0.195436754089284
0.207541549783787
0.185874469338113
0.170191243063245
0.181066569967623
0.221586612544286
0.185868762530769
0.199025403954218
0.205772800647803
0.226123791612981
0.21210457745039
0.231542754851624
0.187876448732191
0.216100267080409
0.210800370800769
0.183268736376543
0.209337849199062
0.212115478321486
0.189144366678786
0.19987360167676
0.185013954876732
0.194218571671227
0.176632407228758
0.180516284232785
0.157574886105457
0.164618131604839
0.12937769647861
0.153047243390275
0.138199138566372
0.120198562935203
0.104244648670597
0.116839787413895
0.0810083545655837
0.0856638278375255
0.0441755359723335
0.0517791233625808
0.0245081705470465
0.0496276774302638
-0.0170496611613037
0
0
-0.00486948447722835
0.0205937186827091
0.0193343965852223
0.0397846426584719
0.0369899896697767
0.0516297377310714
0.0482451671531264
0.0743421879065932
0.0925144596775228
0.0958681810861418
0.0941432705174508
0.0830672776708204
0.102771291342512
0.100848324207844
0.0949921395379304
0.120116604594899
0.146384869600934
0.121257571417149
0.143797102411288
0.145468412742114
0.146140486971777
0.161292234111744
0.152670652784202
0.173686158957928
0.190997263877152
0.167837183558879
0.189947664073996
0.182738608160807
0.183567053939878
0.189098019223974
0.171681830700785
0.216791410735618
0.214482116684563
0.216086956741197
0.187972944223275
0.181269530822361
0.181861521520319
0.179514682452494
0.179183343748249
0.178740521471065
0.173943901670228
0.162902904315096
0.176502479073173
0.152196064579296
0.15261944322275
0.160889380147016
0.134288435369798
0.160744316508102
0.144528403750098
0.130516685401937
0.128501847112562
0.117691580596983
0.133211125226639
0.105769938400134
0.108211110193179
0.0981705612830107
0.0676321719814373
0.0859151074027862
0.0767822706381644
0.0231209646841475
0.0601170046623302
0.0465341621495886
8.13053867436644E-05
0
0
0.0064369285906732
0.0262137532648799
0.0331202138811902
0.0261079449794166
0.0447421758772831
0.0677065237975933
0.0681224382046095
0.0445495392123987
0.0709579617337029
0.0937016391694403
0.0668959530992225
0.0710899560679322
0.079619636045986
0.0805418840767952
0.0913022060053448
0.109143295936099
0.116415015714672
0.114638539754982
0.160010311419408
0.164183437536008
0.173737553661203
0.177031936999792
0.16559914449378
0.139810876629171
0.156506724790021
0.150839277772609
0.179601499990403
0.194991514743942
0.174679945356353
0.175329360486248
0.163579553907368
0.178812667394159
0.180855593337397
0.205293217407746
0.159642922988905
0.179720027316582
0.184898211907957
0.159130755464177
0.17901005290449
0.190000998097575
0.186811123595931
0.158181926792875
0.193547650634585
0.168478257384339
0.170814796055276
0.151101139193567
0.15501845499791
0.155629638966032
0.124364937169627
0.131727173879521
0.124857854187049
0.143953626712349
0.135799511094584
0.126773818569753
0.078944808923098
0.0814172975472419
0.0470187681501688
0.0717437871040078
0.0273611444101461
0.0428536098697234
0.0229760548138027
0.0501536830881855
0.0256936701594805
0
0
-0.00757218535624064
0.0256963146054223
0.0341762646758604
0.0379103820599436
0.0261830669878831
0.0202452413243417
0.0599490047798502
0.0723447028736277
0.0535501996539627
0.081285097493565
0.0665036149088221
0.0717471619029183
0.103939736123441
0.0749466469642463
0.0838326706663635
0.10445549718946
0.135729336165215
0.1247729949475
0.149366912513104
0.137993990492409
0.159139274464906
0.162188072747505
0.130451885534175
0.147952015923406
0.15326760794294
0.161831310409023
0.163178468004801
0.155400912263382
0.186712358083409
0.195898780526933
0.196640281078762
0.165992257224399
0.187753147228537
0.176285309936925
0.19055874467503
0.193026238967862
0.197459207816587
0.186064129879393
0.160512043665462
0.180185441715122
0.170385616672032
0.174802106057787
0.146029472226665
0.142818299672816
0.164073378172056
0.160394177147025
0.144630137976605
0.134824039063092
0.101505016426704
0.111241775717844
0.100023287768731
0.0788454970957121
0.0988681007525058
0.0876676529217886
0.10674477517503
0.0661858664920656
0.0744725963873678
0.0507953922213344
0.0348982830612495
0.0556496677640781
0.03106397884611
0.0153603146492821
0.0406448917912169
0
0
-0.00190380613226526
0.0255790929494759
0.039012606801295
0.0267267475814759
0.0218891651384066
0.0286203669264221
0.0351290787822841
0.0507942423069021
0.0424683651198314
0.0527496161229865
0.0582437555981108
0.102592986712063
0.0694586063020305
0.0954536997881731
0.115201705403589
0.112349938782897
0.119002397892684
0.138807184785928
0.146140253613544
0.114146991256584
0.132341034511285
0.147231586322778
0.162376451107798
0.16297511569153
0.137636553115345
0.157521796156445
0.149754023758069
0.140263747466142
0.160443946241312
0.158639040029241
0.164707578308449
0.14657019470063
0.145722407887434
0.177115841885201
0.190031322030853
0.165252298637103
0.181045472420354
0.148244602234298
0.149838629778402
0.14335718364606
0.171043496973327
0.173126232242618
0.1266304111787
0.161880341013046
0.128317577494882
0.132819063199546
0.143950533066191
0.14227825060304
0.137059281846731
0.127739779249637
0.114268267394183
0.120062291090529
0.0962971745318073
0.0673266104596657
0.0775399813037968
0.0766040109442453
0.0832069952072043
0.026248131198024
0.0260739690276366
0.0438048195509475
0.0478913063540015
-0.00926815370170418
0.034870590044717
0
0
0.0135210739830658
0.0196980069833043
-0.00408711760179576
0.0395966910349642
0.0279428574370432
0.0421229057608491
0.0353087240272633
0.0655841129917531
0.0519521827087796
0.0684360554249422
0.0799161758771773
0.0727930691102624
0.0873845326405482
0.0913771755499493
0.0741022224556684
0.101910391046731
0.121647474682852
0.129324866552452
0.121061925361483
0.113728660730279
0.138061840810606
0.144715712470309
0.142074781606752
0.141550663576925
0.161898417964187
0.126936217242533
0.135813779335992
0.154736499067217
0.162121041607213
0.126265726300361
0.161647059183611
0.147533584986571
0.165138488918087
0.178371755950299
0.150207341607636
0.132314554708411
0.139227182432572
0.156483655804616
0.135869723461859
0.12736514572339
0.141116733543572
0.162922848822771
0.11984154155005
0.115833078933384
0.147157631403586
0.138338407306833
0.14096213200321
0.145297221215771
0.123337594230834
0.103353399794922
0.0887979982587933
0.105550713845098
0.0675719677286829
0.0886994332246636
0.0489687243193268
0.0847245681226757
0.0848231597644414
0.0412347304592691
0.0633883743079905
0.0143706846838179
0.00935410430634367
0.0264214141744493
-0.018860994231545
0
0
-0.00114236679993459
0.0310025189430557
0.00926623069910704
0.033989148439491
0.0372854148225111
0.0186994371716042
0.0169586228379798
0.0370154965611989
0.0403863046209152
0.0642730413395601
0.0626593292193269
0.0912147268656637
0.0949722334811806
0.0880974666813286
0.0874982344281332
0.10812435295227
0.084011378900736
0.0962808326846307
0.0989813051613289
0.133485798471633
0.103981441506957
0.129972814470204
0.0947342708625316
0.110162875072964
0.104930291274498
0.147949774850523
0.138703689076774
0.117794672457687
0.15834588335634
0.15180708891243
0.116752152653038
0.162817263889839
0.157077719277877
0.158414364500209
0.15913819318574
0.125888962829279
0.136694227707615
0.163471816357957
0.115530330903863
0.151767365575305
0.142295146569442
0.10835948496686
0.0998187451107444
0.0966532206052592
0.129662240137568
0.125508367339789
0.0922518867155695
0.0855964894375677
0.0952367680446689
0.0964495460055925
0.0957370772066323
0.101525099414792
0.10117752358106
0.0836163289749704
0.0818370156542087
0.0659915379599015
0.0796797895916908
0.0202873495877678
0.0482170384485798
0.0516921651304596
0.0254797064749023
0.0354860269922275
0.00125905646365471
0
0
0.00512339253835312
0.0130391380973091
0.0188963926856683
0.0056557291182657
0.00823669117294544
0.0473992537189325
0.0279417969848333
0.0378224896747918
0.0388490174655815
0.0429167072994911
0.0617643932237193
0.0537242219290182
0.0532755484708983
0.0840912964658944
0.101051339493247
0.0865542308255836
0.0836715843654604
0.101423705337827
0.0960174793103653
0.115913810153234
0.100040625773588
0.091198144240134
0.10094671060428
0.0902921190478377
0.0962847140848046
0.0954317916847394
0.106151520999618
0.111895147914515
0.116675575393039
0.114345976403587
0.115405787582147
0.11498060971578
0.147757599799454
0.14091725020829
0.129681208832894
0.125943354053312
0.103584719084766
0.12438191031791
0.09780093515787
0.109024993119148
0.0940745561781637
0.0919957569833339
0.098872148888813
0.108308408932916
0.0939484095881086
0.0955171517622359
0.102940557302795
0.117946544442386
0.119299409309347
0.0877745181704898
0.0660771056028482
0.055274031832742
0.104029067198436
0.096638223890045
0.0888165787583416
0.0423252464318666
0.031414062592104
0.0416608990847371
0.00575922775805778
-0.000650276040126594
0.0282989259610815
-0.0167229862603185
-0.02124846765874
0
0
-0.0164141212858373
-0.0129105273259357
0.00580679662157653
0.0168163674234364
0.0224596900418742
0.0147240047293146
0.0334658342331336
0.0379350291901717
0.0644586383897136
0.0555522184652684
0.0399426557534387
0.070600061714744
0.056109100365413
0.0406884047214047
0.0901466281710601
0.0912059037255401
0.0942367569454806
0.0854090187428104
0.0809719163918614
0.083243198864854
0.112369551276668
0.0745745374620654
0.0818093250607483
0.0885011913423665
0.123333904248881
0.120418573497537
0.0935235993117855
0.0959100537000468
0.115716326686492
0.109512403545383
0.140258893433119
0.122749435718401
0.0890434687559065
0.142262432870464
0.0971592702101747
0.109703653800301
0.136712060576539
0.132853874467023
0.0845328068156707
0.116326727058061
0.102658456832179
0.132377336652387
0.087456130470605
0.0961428458620987
0.111824577649343
0.0752318278972592
0.0930585028824283
0.0746175671933362
0.0715295997408763
0.0878754913363239
0.0567521492501397
0.0680000251129912
0.0469407597506832
0.0678701113667727
0.0342219903423672
0.0766165640980966
0.0640907570619261
0.0101731529894401
0.0366076540816468
0.0383089093935093
0.049999428468195
-0.00144106388862765
0.033851227326236
0
0
0.00519538462524226
0.0167760528463899
0.0172189494828381
0.029066390729871
0.0168492835471801
0.0400355947584223
0.0293424711245002
0.0541958392685995
0.060003256627486
0.0440101363140131
0.060143091033496
0.0732522029745603
0.0751135210452537
0.0763538420044829
0.0750872334491375
0.0671116321102067
0.0801525650671275
0.0603331332062021
0.0990162490866646
0.102109037510403
0.104957160823917
0.0716399432234186
0.0886167905030002
0.0870956877168427
0.0865424944725288
0.110880547516828
0.0811658886748
0.101051483515947
0.11670322453381
0.0869917418098144
0.0904016329064017
0.10793783598309
0.0810166951686818
0.0755164880141687
0.112154367476496
0.113542474160978
0.0792042826172987
0.0930689328050199
0.0757002920650459
0.0936567212389917
0.111204664345948
0.103929006682975
0.0742853758933637
0.112042430079605
0.0793662450543022
0.0908189875012938
0.0633212637511255
0.0502040858511787
0.0465065798708351
0.071100149669704
0.0874077064621068
0.0582291956410739
0.028165089391956
0.0416456231929932
0.0777188193114345
0.0294936389936509
0.017070931277343
0.0111944883996843
0.0196040120861997
0.0283425185827977
0.0232775439966357
0.0393070249201725
-0.0194356362354415
0
0
0.0129377497780651
-0.00479705370255933
-0.00397716282406178
0.0309069919808185
0.0371075909260951
0.00720667565065614
0.00420577740044495
0.0248438035003773
0.0249164218245012
0.0198593606078859
0.0407382430982292
0.0280043502088909
0.0358391591337638
0.0281015984400754
0.0606549951174396
0.036084076040903
0.0743607058744045
0.0691185525172305
0.0500580252264174
0.0702474297620648
0.0621168208933581
0.0691888639423039
0.0952078881720906
0.0830726958278972
0.095826003301545
0.0572897247734307
0.0778385123131878
0.0869320235572036
0.110104001905681
0.0593676347109607
0.0869349974731621
0.105981485744625
0.10619270078327
0.0914888852798965
0.0870984162200743
0.0957267575440316
0.069423243888829
0.100377865343528
0.0728639486525947
0.10352276012526
0.110012351781341
0.0566161259191547
0.0782454698147546
0.0624957474773082
0.0731732383181404
0.0489243713122505
0.0801178587225222
0.0490194820319521
0.0635388665802819
0.0333199773555223
0.0612637371541271
0.0814580077804095
0.0432150747173167
0.0389169951499026
0.0587246005143434
0.0241062657914514
0.0240746164455521
0.0331144449436062
-0.00460254965801387
0.0427027852869728
0.0330855933723347
0.0103173367435625
0.00256525324280917
0
0
-0.00417145177706221
0.0135528435617776
0.0177697326855986
0.00563530200217028
0.0253216476614141
0.0214423279643497
-0.0021993907650802
0.0431252511312676
0.00551920083751174
0.0228496824409127
0.0264590437386449
0.0396467681322699
0.0272506893117309
0.0639073313177208
0.0516733625605063
0.0297516923406934
0.0610573640292534
0.0468635628089334
0.0406108497013559
0.0350972241799165
0.0809882186691461
0.0586471033040103
0.0660579117188328
0.0623602013631448
0.0638058486333103
0.0835193018791676
0.0532589550553929
0.0589210570760716
0.0775627885481709
0.0829752321788172
0.0681701905781856
0.0485613444854368
0.0716870851530996
0.0800923504114364
0.0533768853306161
0.0778123740904334
0.088485142233718
0.0859036348809594
0.0971604616370026
0.0775383577073035
0.0680368898160689
0.0463081684597019
0.0662863015740322
0.0696399068608139
0.0338362094137993
0.0784691977993353
0.0584328845942904
0.0455945483039383
0.0659796431112467
0.0457399661318045
0.0369328663049919
0.0430395064004869
0.0453778328350924
0.0340793157988182
0.0373959899874669
0.056303535667106
0.00359450257995348
0.00791332994984626
0.046788599984232
0.044123108528009
0.00460548164958526
0.0231462301839974
-0.00872653497340791
0
0
-0.00400616124190296
0.0248832856520698
-0.00102075639453676
-0.00807249628953559
0.0191365251759018
0.0292133272350292
-0.00350252261295986
0.0134727198703762
-0.0027087036641954
0.0216120737202844
0.0317234388186708
0.0339099881854638
0.0460717841698599
0.0562616305548458
0.0597589598113263
0.0355644039150735
0.0482760901842551
0.032387915871479
0.0638171037623148
0.0505867095419033
0.0324690861260614
0.0433618138061959
0.0745510823153092
0.052134962281959
0.0290523427347444
0.0321144872020907
0.0418408425076207
0.0544233871310666
0.0587649737826958
0.0753478637469485
0.0316148711324684
0.0444398746351401
0.0727443460027114
0.0774512803234232
0.0387286354993308
0.0667796941111162
0.0694255789057306
0.0685228690299216
0.0772885759026939
0.0569869019928929
0.0631918593565115
0.0267017387401228
0.0423406485151985
0.0817334362178677
0.076465210454837
0.06786276505093
0.060885783427014
0.0712271987585498
0.0207049187853392
0.0586933863390642
0.0232454839785606
0.0435521141047265
0.0325907641870647
0.00788651546226662
0.00255005586330286
0.0553591032951363
0.0537346258720311
0.0402078474922953
-0.0104911124716661
0.018316124299249
0.0151318528926105
0.014357193143183
0.0273173252654632
0
0
-0.012528970235391
0.00125512178743887
-0.000225771443430454
0.0239835586260067
0.0314553763006804
0.0262548580075562
0.00548108820045896
0.0270883282421567
-0.00816071374765222
0.016756282456563
0.0147658229094988
0.0448070463953861
0.00837955415081441
0.00455918984937756
0.0498878483631934
0.0322421654494408
0.0167135176351915
0.024647226954855
0.024157554938856
0.0262709791762733
0.0483473733880423
0.0409022005610943
0.0327816885200621
0.0530067796006627
0.0464360034197982
0.0535997410943446
0.0236225909827576
0.0503192185573102
0.0627930867648923
0.0488959351838266
0.0307135095685511
0.0675405258434272
0.0170327481194871
0.0252317122499615
0.0234469556354995
0.0472778519947764
0.0474958001575226
0.0698041405703545
0.0574905752845849
0.0194055133633425
0.0580591474079797
0.0124017272909328
0.0251305050660834
0.0173330346970795
0.0129199713150262
0.0158987975019962
0.0595361786153695
0.0579402734469936
0.00388296714643206
0.0156370023236115
0.0504580237700407
0.00951605574868933
0.00967239130678406
0.00896228118103978
-0.0027553963911776
0.0262084757502102
-0.0112401398959641
0.0224562171989215
-0.00373217463385883
-0.00618683491336651
0.0188131054079978
0.0190960235202378
0.0302377089109503
0
0
-0.00306848549253972
-0.0101052953255943
0.00276244989780579
0.0266251857672346
-0.0151931510618928
0.0287875301151724
0.0044580868281581
-0.0131515611045164
0.000644629095978464
0.0180563854376601
0.000433186793988844
0.0180006447885219
0.027324152972676
0.00853591247303319
0.00646451881530783
0.0284861110019702
0.0187961426132223
0.0387687101936824
0.0107592921992302
0.0292324642853291
0.0298021095142939
0.0379708935641005
0.00173801376945323
0.0353537670694124
0.0394841256838957
0.00258843883681448
0.0286916926573955
0.0280104992308139
0.052564038660174
0.0400660291892693
0.0287498987582815
0.0251198294898395
0.00497444977289485
0.00656987936839737
0.0487984381022226
0.0527826187584687
0.0351038702150158
0.0107969484773919
0.049564593233138
0.0536114035029687
0.0345209980918738
0.0111317013186446
0.0295927842287274
0.0307928052710046
-0.00420008240621108
0.03641554428593
0.0166481620183673
0.00937379689988162
0.0394662085538363
0.0474549516922295
0.0367092302977009
0.0122038583760242
0.0101159580965832
-0.0103629972871506
0.00175334693511905
0.0226593866251279
-0.00905882180703532
0.0299369093842846
-0.00862248093355312
-0.0253029371711406
0.00181525349771556
0.0318161691145267
-0.0247696232052086
0
0
0.00517488918639553
-0.0148071359250255
0.0166065490944378
0.00336374189374566
0.0101536984283393
0.00367977623422147
-0.00195331784580857
-0.0144198062740978
-0.0041452843114886
-0.0181264632396445
-0.000372685406170291
-0.0163761430402256
0.0026634138388476
-0.00599624804141002
0.0075868822832637
0.0180514443942183
-0.0129811943131794
0.0186354276836754
-0.00222982583605552
0.0222503507645778
-0.0138959064236457
0.0344211057661386
-0.00909328225203727
-0.0119542583840412
0.0384429163753293
0.0289619888108586
-0.00328381961131563
0.0262609185549873
0.0298785588803359
0.0386226548818751
0.0336060050428085
0.0133216164124792
0.0245893266173107
-0.00648704832561693
0.0400096397130982
0.0108270874288251
-0.00345137661303131
-0.00409143458533753
0.0277616365197807
0.0304798448116598
0.00909823663890367
0.0334239526294748
0.0115791654359106
0.00693752684676603
-0.0155501551556522
-0.0137373054507554
0.0368313747802823
0.00815602835878575
0.0238564493120528
-0.0116650951451015
-0.00918565441122866
-0.000219142120738845
-0.00989996330144642
-0.00990423613654823
-0.0187479453687713
0.0180136416611721
-0.0223068679060325
0.0242345580091904
0.00764858597111238
0.0276402051337153
-0.00904552401487675
0.0118537994348556
-0.0109314195045929
0
0
3.97690826544691E-16
7.90826202613499E-16
1.17901566102277E-15
1.56186873458887E-15
1.93899495612814E-15
2.31000385845694E-15
2.67450497439162E-15
3.03210783674853E-15
3.38242197834402E-15
3.72505693199446E-15
4.05962223051618E-15
4.38572740672555E-15
4.70298199343892E-15
5.01099552347263E-15
5.30937752964304E-15
5.59773754476652E-15
5.87568510165939E-15
6.14282973313803E-15
6.39878097201878E-15
6.643148351118E-15
6.87554140325204E-15
7.09556966123724E-15
7.30284265788998E-15
7.49696992602658E-15
7.67756099846342E-15
7.84422540801684E-15
7.9965726875032E-15
8.13421236973884E-15
8.25675398754013E-15
8.36380707372341E-15
8.45498116110503E-15
8.52988578250137E-15
8.58813047072873E-15
8.62932475860351E-15
8.65307817894205E-15
8.6590002645607E-15
8.64670054827581E-15
8.61578856290374E-15
8.56587384126084E-15
8.49656591616346E-15
8.40747432042795E-15
8.29820858687067E-15
8.16837824830797E-15
8.01759283755621E-15
7.84546188743173E-15
7.65159493075088E-15
7.43560150033003E-15
7.19709112898552E-15
6.93567334953371E-15
6.65095769479095E-15
6.34255369757358E-15
6.01007089069798E-15
5.65311880698048E-15
5.27130697923744E-15
4.86424494028522E-15
4.43154222294016E-15
3.97280836001862E-15
3.48765288433695E-15
2.97568532871151E-15
2.43651522595864E-15
1.8697521088947E-15
1.27500551033605E-15
6.5188496309903E-16
0
