0.037039932110628
0.0678732549109679
0.145833128402666
0.145638030555592
0.172766885028036
0.216356456588971
0.234700997771994
0.222518372859002
0.214594640678974
0.252036205226038
0.275325741651468
0.351517148934806
0.321042683384255
0.461078182780999
0.431266528608703
0.502312232344232
0.50496792512895
0.473759788186289
0.482745911153867
0.540468578515441
0.567302974979634
0.562449957929931
0.587916564062001
0.66352750543749
0.707904912385526
0.735038292720118
0.771134247236847
0.817102818438208
0.844166249299692
0.88154420863829
0.903303795299009
1.00055406138742
1.02446817138464
1.0116886227993
1.00696720330734
0.935632220695397
0.960128821108004
0.942834688317164
0.930278757517962
0.854136235509049
0.81116340023439
0.786435008115946
0.676949052328502
0.689908968603259
0.598345671245765
0.571491953500141
0.568408860674547
0.528957676041278
0.492173144376366
0.419720375980724
0.402016053882799
0.323477272874586
0.418670516134878
0.370256432810098
0.307343137846818
0.355121014492812
0.190934682199253
0.142997762893735
0.109627757201737
0.0905175809060429
0.123531315638215
0.0725946987484435
0.0232271045738206
-0.0479349987729656
0
