-0.00401411399412971
0.0145008128735204
0.139315492954243
0.0566817455427097
-0.0115824528617858
-0.00756841292283739
-0.0724527612291798
0.389828875441405
0.945446035149434
1.00743585578316
0.976200519574152
1.11345240970082
0.897043082449671
1.06556169708246
1.05472767498068
0.892490077598108
1.02386621734594
1.01989051357551
0.895473286884151
1.098037732314
0.939828271515104
1.23504573704534
1.18385462031807
1.189141677213
0.930468611438442
0.0895904535096123
-0.102733195482967
0.0195254231928375
0.151499259727014
-0.00746394637814143
0.157125215604229
0.191470594270418
0
