0.108307753618597
0.130465792447241
0.109538881959257
0.0869710035269456
0.0707337978283686
0.147182826327703
0.184770559244611
0.194303602469728
0.206287051692205
0.230866957638969
0.320023099936141
0.389691634410929
0.381637719238451
0.356461869577626
0.506735424794941
0.595136739289528
0.592124466258865
0.593374585722773
0.600366154152253
0.641254663390952
0.690949916923212
0.630374927722673
0.670039814157004
0.750353771943497
0.66695040303067
0.682155478172874
0.762143875374951
0.825194533548777
0.920122224328642
0.885306626875782
0.958041090387885
0.949566666968139
1.0549416409757
1.04941339226558
1.03815856258943
1.06949014664892
0.965928077555176
0.918725232826307
0.906993277292122
0.814486128958343
0.774872281911416
0.866045468928851
0.716442871799204
0.717035731120893
0.635750159543789
0.563439512515765
0.583305195200507
0.597873880389571
0.493438242022356
0.429330799504619
0.363173411818927
0.32115134512088
0.248695441007891
0.274527807479319
0.282005963929763
0.204153888509135
0.301579316824043
0.130045532062459
0.0171927769304927
0.071123684901319
0.0805273842814104
0.171301714500059
0.0655538809847796
-0.0416194117085571
0
