0.0131461817978041
0.0310940275711329
0.0894672167572063
0.16500678590568
0.358768218555674
0.296672028874087
0.305511802845507
0.423648506971217
0.653365392396708
0.69797061722251
0.717350804344768
0.680948640664081
0.665777638291042
0.766401561675663
0.861948648885943
0.896894699625452
0.972303623866264
1.09529114981377
0.972169627636819
0.762743307052119
0.582144186996823
0.63313303300112
0.617550378501012
0.5927368454478
0.538743405972006
0.475394047160274
0.428786594482457
0.454862415190845
0.247887825281416
0.163965998021215
0.21520279971439
0.0369736188048464
0
