0
0.41834252115002
0.738811494068517
0.88449486708995
0.916710293595892
0.912719913411177
0.914560167893642
0.926781696049837
0.936701588702926
0.936910617976747
0.937393452553239
0.960578556136041
1.01802386259477
1.07536792432143
1.02511537425681
0.703484525669064
0
0
0.738600005959029
1.14113466954023
1.21464807824579
1.14824521292688
1.09245200038403
1.09665051911791
1.13664937314493
1.17255095725894
1.19759932760319
1.25556857394263
1.41519934811511
1.70165792979132
2.00667256780733
2.03646225452038
1.40374340997539
0
0
0.705236800330201
1.03812004578236
1.05964363411834
0.996632910698534
0.997962187018551
1.08142122767556
1.18143712209525
1.22569812651409
1.19732843755761
1.15867444798302
1.22194815742467
1.46254386600018
1.7979806428408
1.90828508711505
1.3425499524672
0
0
0.734587087623604
1.08547150988691
1.11073043935145
1.04113357249106
1.03117255429016
1.10521604551623
1.20370624874777
1.25686376804296
1.24497448233883
1.22371640492595
1.29932706748081
1.54584293235556
1.88272370435868
1.98777576549383
1.39758291514944
0
0
0.775470330211251
1.14538102447652
1.16888297221135
1.0870641171891
1.06265589531417
1.12436206954836
1.21437628487183
1.26333204838923
1.25134766030007
1.23424736217847
1.31947959302043
1.58244026833702
1.93996986509941
2.05763475804409
1.45100472120421
0
0
0.810364503383646
1.19364452972496
1.2141835938834
1.12709253572152
1.10265299772527
1.16926673851128
1.26470929758372
1.31494147088159
1.29791181261351
1.27162492994738
1.35037257023147
1.61794574262733
1.99324791288917
2.12806563570321
1.50869778046367
0
0
0.854378355109618
1.25331542433518
1.26751060624837
1.17007671375484
1.14163957714655
1.21149656533622
1.31317888051877
1.36746671247173
1.349196846287
1.3176638974501
1.39386062836469
1.6706336884484
2.06899023897226
2.2238031141405
1.58526133435597
0
0
0.905031669806084
1.32022863037267
1.32476071280108
1.21402678805098
1.18119221684812
1.25656278464795
1.36852151306025
1.43142449730404
1.4157487925859
1.38132615807541
1.45625016963399
1.7439679322099
2.16856141609426
2.3453051597094
1.68096038113075
0
0
0.971142415327822
1.41010734594352
1.40610213457643
1.28080916720876
1.24184462390214
1.3206691337218
1.44018059417386
1.50806724710845
1.49036567183242
1.44782044356374
1.51711625454787
1.81493384526162
2.27028531256841
2.47622334365982
1.78736907485606
0
0
1.03880450538723
1.49669490764083
1.4763044309426
1.33088358157578
1.28461015620525
1.3697435916442
1.50248552598527
1.58237812206792
1.56926275986304
1.52331442893804
1.58974427656186
1.90033965589029
2.39109431192498
2.63075355522666
1.91306104460612
0
0
1.10930906894877
1.5820184130646
1.5391767552347
1.37152266741216
1.32150491848238
1.42091846512293
1.57710220358098
1.67910435133971
1.67807053552208
1.63157149184302
1.69329140483437
2.01305140579052
2.53773051197673
2.81131954176248
2.05834049439847
0
0
1.18240843900498
1.66924216923489
1.60394861108414
1.41897757004006
1.37385765524213
1.49573682885851
1.67923547363498
1.80080854404914
1.80247929940449
1.74058581287076
1.78135546784302
2.09963355729468
2.65996518938745
2.98117213841153
2.20575156871906
0
0
1.30938791313876
1.84509949432562
1.77750859780795
1.58513288709082
1.54437277850844
1.67689753446592
1.8664850128723
1.98109140133695
1.95748675784301
1.85309627551556
1.84881761654781
2.14872892470426
2.74072538073679
3.11979315236739
2.33798370819763
0
0
1.39737325944889
1.95156694329061
1.83758966519829
1.57586655070671
1.46770921507996
1.54906229529838
1.71869686045918
1.85646209738199
1.89760217953132
1.88397948616829
1.98041181974121
2.38731355637027
3.08934785377496
3.53575263613951
2.66402207207549
0
0
1.62576263196926
2.19093523811295
2.00458279585421
1.72556175006731
1.70949113266131
1.96358636188813
2.31020861167245
2.54234622260293
2.53001337922003
2.30017392696823
2.07255453735084
2.16472518253276
2.68925701046498
3.15085612094766
2.42703408916406
0
0
1.51873848773039
2.35491050885013
2.33842357905849
2.03607849349954
1.86835168366649
1.92495344842968
2.08510165541235
2.19029204373131
2.17844969298376
2.16137770280257
2.41337777633007
3.2020077293174
4.42628803062739
5.21774927636899
4.016866329081
0
0
0
0
0
0
0
0
0
0
0
0
0
0
0
0
0
0
